[Connect DataFile][2.1]
Date:	22/04/2026
Time:	17:58:35
Unit:	°C
Resolution:	60,000/0,100
Values:	12
SnapshotTrigger:	0	0,0
MeasurementTrigger:	0	0,0
Time	TProc	TInt	TBox	TAvg	T_2C	T_1C	Attenuation	Eps.	Value	Vcc	TAmb	TAct	CompressionIdx	Time absolute	ImageIdx	ImageValue
000:00:00,000	-2,1	19,0	18,8	-2,1	0,0	0,0	0,0	0,950	0,000	4836,204	0,0	-1,9		17:58:35:680		
000:01:00,000	1,7	19,2	19,1	1,7	0,0	0,0	0,0	0,950	0,000	5015,917	0,0	1,8		17:59:35:680		
000:02:00,000	1,2	19,6	19,6	1,2	0,0	0,0	0,0	0,950	0,000	5016,593	0,0	1,3		18:00:35:680		
000:03:00,000	5,8	20,1	20,0	5,9	0,0	0,0	0,0	0,950	0,000	5015,583	0,0	5,9		18:01:35:680		
000:04:00,000	6,8	21,1	20,8	6,8	0,0	0,0	0,0	0,950	0,000	5016,278	0,0	6,9		18:02:35:680		
000:05:00,000	6,1	21,5	21,3	6,1	0,0	0,0	0,0	0,950	0,000	5016,629	0,0	6,2		18:03:35:680		
000:06:00,000	4,6	21,0	21,4	4,6	0,0	0,0	0,0	0,950	0,000	5022,963	0,0	4,7		18:04:35:680		
000:07:00,000	4,3	20,8	21,4	4,3	0,0	0,0	0,0	0,950	0,000	5018,537	0,0	4,4		18:05:35:680		
000:08:00,000	4,0	21,0	21,4	4,1	0,0	0,0	0,0	0,950	0,000	5015,537	0,0	4,1		18:06:35:680		
000:09:00,000	3,5	21,4	21,4	3,5	0,0	0,0	0,0	0,950	0,000	5018,611	0,0	3,6		18:07:35:680		
000:10:00,000	2,3	22,0	21,7	2,3	0,0	0,0	0,0	0,950	0,000	5021,231	0,0	2,4		18:08:35:680		
000:11:00,000	3,1	21,9	21,9	3,1	0,0	0,0	0,0	0,950	0,000	5021,685	0,0	3,0		18:09:35:680		
000:12:00,000	3,7	21,3	21,9	3,7	0,0	0,0	0,0	0,950	0,000	5022,651	0,0	3,8		18:10:35:680		
000:13:00,000	3,6	21,5	21,8	3,6	0,0	0,0	0,0	0,950	0,000	5021,250	0,0	3,8		18:11:35:680		
000:14:00,000	4,1	22,3	22,0	4,1	0,0	0,0	0,0	0,950	0,000	5021,528	0,0	4,2		18:12:35:680		
000:15:00,000	3,9	22,9	22,5	3,9	0,0	0,0	0,0	0,950	0,000	5018,046	0,0	4,0		18:13:35:680		
000:16:00,000	3,9	23,3	22,9	4,0	0,0	0,0	0,0	0,950	0,000	5017,694	0,0	4,0		18:14:35:680		
000:17:00,000	4,0	22,8	23,0	4,0	0,0	0,0	0,0	0,950	0,000	5017,787	0,0	4,1		18:15:35:680		
000:18:00,000	3,7	22,2	22,7	3,7	0,0	0,0	0,0	0,950	0,000	5017,676	0,0	3,8		18:16:35:680		
000:19:00,000	3,0	21,7	22,2	3,0	0,0	0,0	0,0	0,950	0,000	5017,633	0,0	3,1		18:17:35:680		
000:20:00,000	2,8	20,7	21,3	2,8	0,0	0,0	0,0	0,950	0,000	5019,435	0,0	2,9		18:18:35:680		
000:21:00,000	3,2	20,3	20,9	3,2	0,0	0,0	0,0	0,950	0,000	5024,074	0,0	3,3		18:19:35:680		
000:22:00,000	3,6	20,2	20,8	3,6	0,0	0,0	0,0	0,950	0,000	5025,248	0,0	3,7		18:20:35:680		
000:23:00,000	4,0	20,9	20,9	4,0	0,0	0,0	0,0	0,950	0,000	5023,056	0,0	4,1		18:21:35:680		
000:24:00,000	3,3	20,8	21,0	3,3	0,0	0,0	0,0	0,950	0,000	5016,752	0,0	3,4		18:22:35:680		
000:25:00,000	3,2	20,2	20,9	3,2	0,0	0,0	0,0	0,950	0,000	5015,241	0,0	3,3		18:23:35:680		
000:26:00,000	3,5	19,9	20,6	3,5	0,0	0,0	0,0	0,950	0,000	5014,973	0,0	3,6		18:24:35:680		
000:27:00,000	2,4	20,0	20,6	2,4	0,0	0,0	0,0	0,950	0,000	5014,972	0,0	2,6		18:25:35:680		
000:28:00,000	-4,0	20,0	20,6	-4,0	0,0	0,0	0,0	0,950	0,000	5014,972	0,0	-3,9		18:26:35:680		
000:29:00,000	1,8	19,7	20,4	1,8	0,0	0,0	0,0	0,950	0,000	5014,278	0,0	1,9		18:27:35:680		
000:30:00,000	0,7	19,4	20,1	0,7	0,0	0,0	0,0	0,950	0,000	5014,833	0,0	0,8		18:28:35:680		
000:31:00,000	-20,7	19,6	20,1	-20,7	0,0	0,0	0,0	0,950	0,000	5014,468	0,0	-20,7		18:29:35:680		
000:32:00,000	-39,6	19,8	20,1	-39,6	0,0	0,0	0,0	0,950	0,000	5016,231	0,0	-39,4		18:30:35:680		
000:33:00,000	-38,7	20,3	20,2	-38,7	0,0	0,0	0,0	0,950	0,000	5015,771	0,0	-38,6		18:31:35:680		
000:34:00,000	-29,1	19,8	20,2	-29,0	0,0	0,0	0,0	0,950	0,000	5016,444	0,0	-28,8		18:32:35:680		
000:35:00,000	-33,6	19,6	20,2	-33,6	0,0	0,0	0,0	0,950	0,000	5013,917	0,0	-33,4		18:33:35:680		
000:36:00,000	-39,8	19,8	20,2	-39,8	0,0	0,0	0,0	0,950	0,000	5014,667	0,0	-39,8		18:34:35:680		
000:37:00,000	-42,6	19,9	20,2	-42,6	0,0	0,0	0,0	0,950	0,000	5015,593	0,0	-42,4		18:35:35:680		
000:38:00,000	-44,6	19,8	20,2	-44,6	0,0	0,0	0,0	0,950	0,000	5016,514	0,0	-44,4		18:36:35:680		
000:39:00,000	-43,3	20,3	20,2	-43,3	0,0	0,0	0,0	0,950	0,000	5019,306	0,0	-43,2		18:37:35:680		
000:40:00,000	-41,6	20,9	20,6	-41,6	0,0	0,0	0,0	0,950	0,000	5017,111	0,0	-41,4		18:38:35:680		
000:41:00,000	-43,5	20,8	20,8	-43,5	0,0	0,0	0,0	0,950	0,000	5016,278	0,0	-43,2		18:39:35:680		
000:42:00,000	-46,3	19,9	20,6	-46,3	0,0	0,0	0,0	0,950	0,000	5014,596	0,0	-46,0		18:40:35:680		
000:43:00,000	-46,6	19,7	20,3	-46,6	0,0	0,0	0,0	0,950	0,000	5016,204	0,0	-46,5		18:41:35:680		
000:44:00,000	-46,1	20,1	20,3	-46,1	0,0	0,0	0,0	0,950	0,000	5015,250	0,0	-46,1		18:42:35:680		
000:45:00,000	-46,9	20,3	20,3	-46,9	0,0	0,0	0,0	0,950	0,000	5015,602	0,0	-46,9		18:43:35:680		
000:46:00,000	-48,3	20,5	20,4	-48,3	0,0	0,0	0,0	0,950	0,000	5015,376	0,0	-48,1		18:44:35:680		
000:47:00,000	-48,4	20,6	20,6	-48,4	0,0	0,0	0,0	0,950	0,000	5016,157	0,0	-48,1		18:45:35:680		
000:48:00,000	-48,3	20,2	20,6	-48,3	0,0	0,0	0,0	0,950	0,000	5015,444	0,0	-48,1		18:46:35:680		
000:49:00,000	-49,0	19,7	20,4	-48,9	0,0	0,0	0,0	0,950	0,000	5014,872	0,0	-48,6		18:47:35:680		
000:50:00,000	-48,3	19,5	20,1	-48,3	0,0	0,0	0,0	0,950	0,000	5014,519	0,0	-48,2		18:48:35:680		
000:51:00,000	-47,1	19,8	20,1	-47,1	0,0	0,0	0,0	0,950	0,000	5015,440	0,0	-46,8		18:49:35:680		
000:52:00,000	-45,6	19,9	20,1	-45,6	0,0	0,0	0,0	0,950	0,000	5014,463	0,0	-45,2		18:50:35:680		
000:53:00,000	-46,1	19,8	20,1	-46,1	0,0	0,0	0,0	0,950	0,000	5015,213	0,0	-46,0		18:51:35:680		
000:54:00,000	-47,0	19,3	20,0	-47,0	0,0	0,0	0,0	0,950	0,000	5013,657	0,0	-47,0		18:52:35:680		
000:55:00,000	-46,0	19,3	19,9	-45,9	0,0	0,0	0,0	0,950	0,000	5017,193	0,0	-45,5		18:53:35:680		
000:56:00,000	-44,4	19,3	19,9	-44,4	0,0	0,0	0,0	0,950	0,000	5022,074	0,0	-44,2		18:54:35:680		
000:57:00,000	-41,0	19,3	19,9	-41,0	0,0	0,0	0,0	0,950	0,000	5026,707	0,0	-40,7		18:55:35:680		
000:58:00,000	-41,1	19,0	19,7	-41,1	0,0	0,0	0,0	0,950	0,000	5018,167	0,0	-41,0		18:56:35:680		
000:59:00,000	-41,7	18,6	19,4	-41,7	0,0	0,0	0,0	0,950	0,000	5014,000	0,0	-41,5		18:57:35:680		
001:00:00,000	-45,4	18,7	19,3	-45,4	0,0	0,0	0,0	0,950	0,000	5014,157	0,0	-45,2		18:58:35:680		
001:01:00,000	-46,2	18,4	19,2	-46,2	0,0	0,0	0,0	0,950	0,000	5013,657	0,0	-45,9		18:59:35:680		
001:02:00,000	-45,6	18,4	19,1	-45,6	0,0	0,0	0,0	0,950	0,000	5013,898	0,0	-45,6		19:00:35:680		
001:03:00,000	-43,1	18,3	19,0	-43,1	0,0	0,0	0,0	0,950	0,000	5013,241	0,0	-42,8		19:01:35:680		
001:04:00,000	-44,4	18,1	18,8	-44,3	0,0	0,0	0,0	0,950	0,000	5013,213	0,0	-44,0		19:02:35:680		
001:05:00,000	-46,1	18,0	18,7	-46,1	0,0	0,0	0,0	0,950	0,000	5012,556	0,0	-45,9		19:03:35:680		
001:06:00,000	-45,3	17,9	18,7	-45,3	0,0	0,0	0,0	0,950	0,000	5013,973	0,0	-45,1		19:04:35:680		
001:07:00,000	-45,9	17,9	18,6	-45,9	0,0	0,0	0,0	0,950	0,000	5014,287	0,0	-45,7		19:05:35:680		
001:08:00,000	-45,5	18,1	18,6	-45,4	0,0	0,0	0,0	0,950	0,000	5012,704	0,0	-45,2		19:06:35:680		
001:09:00,000	-45,2	18,4	18,6	-45,2	0,0	0,0	0,0	0,950	0,000	5013,315	0,0	-45,0		19:07:35:680		
001:10:00,000	-43,8	18,5	18,6	-43,8	0,0	0,0	0,0	0,950	0,000	5013,204	0,0	-43,7		19:08:35:680		
001:11:00,000	-39,4	18,1	18,6	-39,4	0,0	0,0	0,0	0,950	0,000	5013,371	0,0	-39,1		19:09:35:680		
001:12:00,000	-41,3	17,9	18,6	-41,3	0,0	0,0	0,0	0,950	0,000	5012,064	0,0	-41,2		19:10:35:680		
001:13:00,000	-39,6	18,1	18,6	-39,6	0,0	0,0	0,0	0,950	0,000	5012,954	0,0	-39,5		19:11:35:680		
001:14:00,000	-36,9	18,0	18,6	-36,9	0,0	0,0	0,0	0,950	0,000	5012,481	0,0	-36,7		19:12:35:680		
001:15:00,000	-35,8	17,5	18,3	-35,8	0,0	0,0	0,0	0,950	0,000	5012,514	0,0	-35,6		19:13:35:680		
001:16:00,000	-35,7	17,2	18,0	-35,7	0,0	0,0	0,0	0,950	0,000	5011,315	0,0	-35,5		19:14:35:680		
001:17:00,000	-38,2	17,2	18,0	-38,2	0,0	0,0	0,0	0,950	0,000	5011,843	0,0	-37,9		19:15:35:680		
001:18:00,000	-40,3	17,2	18,0	-40,3	0,0	0,0	0,0	0,950	0,000	5011,454	0,0	-40,3		19:16:35:680		
001:19:00,000	-41,7	17,3	18,0	-41,7	0,0	0,0	0,0	0,950	0,000	5010,973	0,0	-41,6		19:17:35:680		
001:20:00,000	-44,6	17,4	18,0	-44,6	0,0	0,0	0,0	0,950	0,000	5011,463	0,0	-44,3		19:18:35:680		
001:21:00,000	-40,0	17,4	18,0	-40,0	0,0	0,0	0,0	0,950	0,000	5012,333	0,0	-39,8		19:19:35:680		
001:22:00,000	-37,2	17,4	18,0	-37,2	0,0	0,0	0,0	0,950	0,000	5011,056	0,0	-37,1		19:20:35:680		
001:23:00,000	-41,4	17,3	18,0	-41,4	0,0	0,0	0,0	0,950	0,000	5010,759	0,0	-41,4		19:21:35:680		
001:24:00,000	-38,8	17,1	17,9	-38,8	0,0	0,0	0,0	0,950	0,000	5010,824	0,0	-38,5		19:22:35:680		
001:25:00,000	-40,1	16,9	17,7	-40,1	0,0	0,0	0,0	0,950	0,000	5010,787	0,0	-39,8		19:23:35:680		
001:26:00,000	-37,8	16,9	17,6	-37,8	0,0	0,0	0,0	0,950	0,000	5010,587	0,0	-37,6		19:24:35:680		
001:27:00,000	-37,1	16,9	17,6	-37,1	0,0	0,0	0,0	0,950	0,000	5010,602	0,0	-37,1		19:25:35:680		
001:28:00,000	-38,5	16,9	17,6	-38,5	0,0	0,0	0,0	0,950	0,000	5010,435	0,0	-38,5		19:26:35:680		
001:29:00,000	-40,5	16,8	17,6	-40,5	0,0	0,0	0,0	0,950	0,000	5010,306	0,0	-40,5		19:27:35:680		
001:30:00,000	-42,0	16,9	17,6	-41,9	0,0	0,0	0,0	0,950	0,000	5011,398	0,0	-41,8		19:28:35:680		
001:31:00,000	-41,8	16,9	17,6	-41,7	0,0	0,0	0,0	0,950	0,000	5011,119	0,0	-41,4		19:29:35:680		
001:32:00,000	-42,6	16,9	17,6	-42,6	0,0	0,0	0,0	0,950	0,000	5012,129	0,0	-42,5		19:30:35:680		
001:33:00,000	-42,0	17,0	17,6	-42,0	0,0	0,0	0,0	0,950	0,000	5010,278	0,0	-41,8		19:31:35:680		
001:34:00,000	-43,4	16,8	17,6	-43,4	0,0	0,0	0,0	0,950	0,000	5009,731	0,0	-43,3		19:32:35:680		
001:35:00,000	-40,8	16,6	17,4	-40,8	0,0	0,0	0,0	0,950	0,000	5010,944	0,0	-40,6		19:33:35:680		
001:36:00,000	-39,2	16,7	17,4	-39,2	0,0	0,0	0,0	0,950	0,000	5010,716	0,0	-39,1		19:34:35:680		
001:37:00,000	-38,7	16,8	17,4	-38,7	0,0	0,0	0,0	0,950	0,000	5010,185	0,0	-38,4		19:35:35:680		
001:38:00,000	-37,5	16,8	17,4	-37,5	0,0	0,0	0,0	0,950	0,000	5010,330	0,0	-37,3		19:36:35:680		
001:39:00,000	-42,6	16,6	17,4	-42,6	0,0	0,0	0,0	0,950	0,000	5010,028	0,0	-42,5		19:37:35:680		
001:40:00,000	-43,5	16,3	17,2	-43,5	0,0	0,0	0,0	0,950	0,000	5010,371	0,0	-43,3		19:38:35:680		
001:41:00,000	-40,6	16,0	16,9	-40,6	0,0	0,0	0,0	0,950	0,000	5010,056	0,0	-40,5		19:39:35:680		
001:42:00,000	-42,9	15,9	16,8	-42,9	0,0	0,0	0,0	0,950	0,000	5008,771	0,0	-42,8		19:40:35:680		
001:43:00,000	-41,5	15,7	16,6	-41,5	0,0	0,0	0,0	0,950	0,000	5009,694	0,0	-41,3		19:41:35:680		
001:44:00,000	-37,4	15,7	16,6	-37,4	0,0	0,0	0,0	0,950	0,000	5010,129	0,0	-37,2		19:42:35:680		
001:45:00,000	-42,8	15,5	16,5	-42,8	0,0	0,0	0,0	0,950	0,000	5009,385	0,0	-42,5		19:43:35:680		
001:46:00,000	-45,3	15,4	16,4	-45,3	0,0	0,0	0,0	0,950	0,000	5010,222	0,0	-45,0		19:44:35:680		
001:47:00,000	-45,8	15,4	16,4	-45,8	0,0	0,0	0,0	0,950	0,000	5009,843	0,0	-45,6		19:45:35:680		
001:48:00,000	-45,5	15,5	16,4	-45,5	0,0	0,0	0,0	0,950	0,000	5010,293	0,0	-45,6		19:46:35:680		
001:49:00,000	-44,0	15,4	16,4	-44,0	0,0	0,0	0,0	0,950	0,000	5009,231	0,0	-43,9		19:47:35:680		
001:50:00,000	-42,6	15,4	16,4	-42,6	0,0	0,0	0,0	0,950	0,000	5009,037	0,0	-42,5		19:48:35:680		
001:51:00,000	-40,0	15,2	16,3	-40,0	0,0	0,0	0,0	0,950	0,000	5009,404	0,0	-40,0		19:49:35:680		
001:52:00,000	-35,4	15,1	16,2	-35,5	0,0	0,0	0,0	0,950	0,000	5008,769	0,0	-35,3		19:50:35:680		
001:53:00,000	-39,4	15,1	16,1	-39,4	0,0	0,0	0,0	0,950	0,000	5009,343	0,0	-39,3		19:51:35:680		
001:54:00,000	-44,7	15,0	16,1	-44,7	0,0	0,0	0,0	0,950	0,000	5008,881	0,0	-44,7		19:52:35:680		
001:55:00,000	-45,8	15,0	16,0	-45,8	0,0	0,0	0,0	0,950	0,000	5008,991	0,0	-45,5		19:53:35:680		
001:56:00,000	-42,8	14,9	16,0	-42,7	0,0	0,0	0,0	0,950	0,000	5009,621	0,0	-42,5		19:54:35:680		
001:57:00,000	-40,1	14,9	15,9	-40,1	0,0	0,0	0,0	0,950	0,000	5009,670	0,0	-40,1		19:55:35:680		
001:58:00,000	-43,2	14,9	15,9	-43,2	0,0	0,0	0,0	0,950	0,000	5008,407	0,0	-43,1		19:56:35:680		
001:59:00,000	-44,1	14,9	15,9	-44,1	0,0	0,0	0,0	0,950	0,000	5008,083	0,0	-43,9		19:57:35:680		
002:00:00,000	-45,2	14,9	15,9	-45,2	0,0	0,0	0,0	0,950	0,000	5009,333	0,0	-45,2		19:58:35:680		
002:01:00,000	-44,1	14,8	15,9	-44,1	0,0	0,0	0,0	0,950	0,000	5009,504	0,0	-44,0		19:59:35:680		
002:02:00,000	-39,3	14,8	15,9	-39,3	0,0	0,0	0,0	0,950	0,000	5008,519	0,0	-39,3		20:00:35:680		
002:03:00,000	-43,3	14,8	15,9	-43,3	0,0	0,0	0,0	0,950	0,000	5008,852	0,0	-43,4		20:01:35:680		
002:04:00,000	-41,9	14,8	15,8	-41,9	0,0	0,0	0,0	0,950	0,000	5007,761	0,0	-42,0		20:02:35:680		
002:05:00,000	-43,0	14,7	15,8	-43,0	0,0	0,0	0,0	0,950	0,000	5007,926	0,0	-42,7		20:03:35:680		
002:06:00,000	-43,8	14,7	15,8	-43,8	0,0	0,0	0,0	0,950	0,000	5007,898	0,0	-43,6		20:04:35:680		
002:07:00,000	-45,2	14,7	15,7	-45,2	0,0	0,0	0,0	0,950	0,000	5009,560	0,0	-44,9		20:05:35:680		
002:08:00,000	-45,3	14,6	15,7	-45,3	0,0	0,0	0,0	0,950	0,000	5008,379	0,0	-45,1		20:06:35:680		
002:09:00,000	-43,0	14,6	15,7	-43,0	0,0	0,0	0,0	0,950	0,000	5011,315	0,0	-42,8		20:07:35:680		
002:10:00,000	-42,3	14,5	15,6	-42,3	0,0	0,0	0,0	0,950	0,000	5008,296	0,0	-42,3		20:08:35:680		
002:11:00,000	-46,0	14,5	15,6	-46,0	0,0	0,0	0,0	0,950	0,000	5009,083	0,0	-45,7		20:09:35:680		
002:12:00,000	-47,0	14,5	15,6	-47,0	0,0	0,0	0,0	0,950	0,000	5008,463	0,0	-47,0		20:10:35:680		
002:13:00,000	-45,0	14,5	15,6	-45,0	0,0	0,0	0,0	0,950	0,000	5007,741	0,0	-44,9		20:11:35:680		
002:14:00,000	-47,3	14,4	15,5	-47,3	0,0	0,0	0,0	0,950	0,000	5008,796	0,0	-47,5		20:12:35:680		
002:15:00,000	-48,5	14,4	15,5	-48,5	0,0	0,0	0,0	0,950	0,000	5007,806	0,0	-48,2		20:13:35:680		
002:16:00,000	-47,8	14,4	15,5	-47,8	0,0	0,0	0,0	0,950	0,000	5008,339	0,0	-47,7		20:14:35:680		
002:17:00,000	-47,9	14,4	15,5	-47,9	0,0	0,0	0,0	0,950	0,000	5008,694	0,0	-48,0		20:15:35:680		
002:18:00,000	-48,7	14,3	15,4	-48,7	0,0	0,0	0,0	0,950	0,000	5008,129	0,0	-48,5		20:16:35:680		
002:19:00,000	-49,0	14,3	15,4	-49,0	0,0	0,0	0,0	0,950	0,000	5007,139	0,0	-48,8		20:17:35:680		
002:20:00,000	-49,5	14,3	15,4	-49,5	0,0	0,0	0,0	0,950	0,000	5007,826	0,0	-49,5		20:18:35:680		
002:21:00,000	-49,4	14,3	15,4	-49,4	0,0	0,0	0,0	0,950	0,000	5007,602	0,0	-49,1		20:19:35:680		
002:22:00,000	-49,3	14,2	15,3	-49,3	0,0	0,0	0,0	0,950	0,000	5007,231	0,0	-48,9		20:20:35:680		
002:23:00,000	-48,1	14,2	15,3	-48,1	0,0	0,0	0,0	0,950	0,000	5007,963	0,0	-47,9		20:21:35:680		
002:24:00,000	-48,2	14,2	15,3	-48,2	0,0	0,0	0,0	0,950	0,000	5007,759	0,0	-48,0		20:22:35:680		
002:25:00,000	-49,2	14,2	15,3	-49,2	0,0	0,0	0,0	0,950	0,000	5007,844	0,0	-49,1		20:23:35:680		
002:26:00,000	-44,6	14,1	15,2	-44,6	0,0	0,0	0,0	0,950	0,000	5008,778	0,0	-44,5		20:24:35:680		
002:27:00,000	-42,8	14,1	15,2	-42,8	0,0	0,0	0,0	0,950	0,000	5008,734	0,0	-42,8		20:25:35:680		
002:28:00,000	-45,6	14,1	15,2	-45,6	0,0	0,0	0,0	0,950	0,000	5008,019	0,0	-45,4		20:26:35:680		
002:29:00,000	-46,2	14,1	15,2	-46,2	0,0	0,0	0,0	0,950	0,000	5008,296	0,0	-46,1		20:27:35:680		
002:30:00,000	-44,9	14,1	15,2	-44,9	0,0	0,0	0,0	0,950	0,000	5007,546	0,0	-44,8		20:28:35:680		
002:31:00,000	-45,7	14,1	15,2	-45,7	0,0	0,0	0,0	0,950	0,000	5008,102	0,0	-45,4		20:29:35:680		
002:32:00,000	-48,6	14,1	15,2	-48,6	0,0	0,0	0,0	0,950	0,000	5009,194	0,0	-48,6		20:30:35:680		
002:33:00,000	-49,4	14,1	15,2	-49,4	0,0	0,0	0,0	0,950	0,000	5007,395	0,0	-49,3		20:31:35:680		
002:34:00,000	-49,9	14,0	15,1	-49,9	0,0	0,0	0,0	0,950	0,000	5007,204	0,0	-49,9		20:32:35:680		
002:35:00,000	-49,9	14,0	15,1	-49,9	0,0	0,0	0,0	0,950	0,000	5007,472	0,0	-49,9		20:33:35:680		
002:36:00,000	-50,0	14,0	15,1	-50,0	0,0	0,0	0,0	0,950	0,000	5007,648	0,0	-49,9		20:34:35:680		
002:37:00,000	-50,0	14,0	15,1	-50,0	0,0	0,0	0,0	0,950	0,000	5007,667	0,0	-50,0		20:35:35:680		
002:38:00,000	-49,9	13,9	15,1	-49,9	0,0	0,0	0,0	0,950	0,000	5006,312	0,0	-49,9		20:36:35:680		
002:39:00,000	-49,9	13,9	15,0	-49,9	0,0	0,0	0,0	0,950	0,000	5006,889	0,0	-49,9		20:37:35:680		
002:40:00,000	-49,7	13,9	15,0	-49,7	0,0	0,0	0,0	0,950	0,000	5007,454	0,0	-49,6		20:38:35:680		
002:41:00,000	-49,9	13,9	15,0	-49,9	0,0	0,0	0,0	0,950	0,000	5007,296	0,0	-49,9		20:39:35:680		
002:42:00,000	-50,0	13,9	15,0	-50,0	0,0	0,0	0,0	0,950	0,000	5006,780	0,0	-50,0		20:40:35:680		
002:43:00,000	-50,0	13,9	15,0	-50,0	0,0	0,0	0,0	0,950	0,000	5007,176	0,0	-50,0		20:41:35:680		
002:44:00,000	-50,0	13,9	15,0	-50,0	0,0	0,0	0,0	0,950	0,000	5007,111	0,0	-50,0		20:42:35:680		
002:45:00,000	-48,7	13,9	15,0	-48,7	0,0	0,0	0,0	0,950	0,000	5006,889	0,0	-48,5		20:43:35:680		
002:46:00,000	-47,7	13,9	15,0	-47,7	0,0	0,0	0,0	0,950	0,000	5007,110	0,0	-47,5		20:44:35:680		
002:47:00,000	-49,9	13,9	15,0	-49,9	0,0	0,0	0,0	0,950	0,000	5007,813	0,0	-49,8		20:45:35:680		
002:48:00,000	-49,9	13,9	15,0	-49,9	0,0	0,0	0,0	0,950	0,000	5006,981	0,0	-49,9		20:46:35:680		
002:49:00,000	-49,9	13,9	15,0	-49,9	0,0	0,0	0,0	0,950	0,000	5006,907	0,0	-49,9		20:47:35:680		
002:50:00,000	-49,7	13,8	15,0	-49,7	0,0	0,0	0,0	0,950	0,000	5007,481	0,0	-49,5		20:48:35:680		
002:51:00,000	-47,0	13,8	14,9	-47,0	0,0	0,0	0,0	0,950	0,000	5007,605	0,0	-46,8		20:49:35:680		
002:52:00,000	-46,8	13,8	14,9	-46,8	0,0	0,0	0,0	0,950	0,000	5007,537	0,0	-46,7		20:50:35:680		
002:53:00,000	-48,1	13,7	14,9	-48,1	0,0	0,0	0,0	0,950	0,000	5007,009	0,0	-48,1		20:51:35:680		
002:54:00,000	-48,7	13,7	14,9	-48,7	0,0	0,0	0,0	0,950	0,000	5006,759	0,0	-48,5		20:52:35:680		
002:55:00,000	-49,3	13,7	14,8	-49,3	0,0	0,0	0,0	0,950	0,000	5006,472	0,0	-49,3		20:53:35:680		
002:56:00,000	-49,3	13,7	14,8	-49,2	0,0	0,0	0,0	0,950	0,000	5007,890	0,0	-49,0		20:54:35:680		
002:57:00,000	-48,8	13,7	14,8	-48,8	0,0	0,0	0,0	0,950	0,000	5008,306	0,0	-48,5		20:55:35:680		
002:58:00,000	-48,8	13,7	14,8	-48,8	0,0	0,0	0,0	0,950	0,000	5006,861	0,0	-48,5		20:56:35:680		
002:59:00,000	-49,6	13,7	14,8	-49,6	0,0	0,0	0,0	0,950	0,000	5006,593	0,0	-49,5		20:57:35:680		
003:00:00,000	-49,8	13,7	14,8	-49,8	0,0	0,0	0,0	0,950	0,000	5006,861	0,0	-49,8		20:58:35:680		
003:01:00,000	-50,0	13,7	14,8	-50,0	0,0	0,0	0,0	0,950	0,000	5007,184	0,0	-49,9		20:59:35:680		
003:02:00,000	-50,0	13,7	14,8	-50,0	0,0	0,0	0,0	0,950	0,000	5006,519	0,0	-50,0		21:00:35:680		
003:03:00,000	-50,0	13,6	14,8	-50,0	0,0	0,0	0,0	0,950	0,000	5006,688	0,0	-49,9		21:01:35:680		
003:04:00,000	-49,9	13,6	14,8	-49,9	0,0	0,0	0,0	0,950	0,000	5006,861	0,0	-49,9		21:02:35:680		
003:05:00,000	-49,9	13,6	14,8	-49,9	0,0	0,0	0,0	0,950	0,000	5007,231	0,0	-49,8		21:03:35:680		
003:06:00,000	-49,7	13,6	14,8	-49,7	0,0	0,0	0,0	0,950	0,000	5008,046	0,0	-49,6		21:04:35:680		
003:07:00,000	-49,1	13,6	14,7	-49,1	0,0	0,0	0,0	0,950	0,000	5007,713	0,0	-49,0		21:05:35:680		
003:08:00,000	-49,6	13,5	14,7	-49,6	0,0	0,0	0,0	0,950	0,000	5007,148	0,0	-49,5		21:06:35:680		
003:09:00,000	-49,9	13,5	14,7	-49,9	0,0	0,0	0,0	0,950	0,000	5006,734	0,0	-49,8		21:07:35:680		
003:10:00,000	-49,5	13,5	14,7	-49,5	0,0	0,0	0,0	0,950	0,000	5007,657	0,0	-49,4		21:08:35:680		
003:11:00,000	-49,8	13,5	14,7	-49,8	0,0	0,0	0,0	0,950	0,000	5006,907	0,0	-49,6		21:09:35:680		
003:12:00,000	-49,7	13,4	14,6	-49,7	0,0	0,0	0,0	0,950	0,000	5006,528	0,0	-49,7		21:10:35:680		
003:13:00,000	-48,7	13,4	14,6	-48,7	0,0	0,0	0,0	0,950	0,000	5010,019	0,0	-48,5		21:11:35:680		
003:14:00,000	-47,5	13,4	14,6	-47,5	0,0	0,0	0,0	0,950	0,000	5007,385	0,0	-47,2		21:12:35:680		
003:15:00,000	-47,9	13,4	14,6	-47,9	0,0	0,0	0,0	0,950	0,000	5007,102	0,0	-47,7		21:13:35:680		
003:16:00,000	-49,4	13,3	14,5	-49,4	0,0	0,0	0,0	0,950	0,000	5006,725	0,0	-49,2		21:14:35:680		
003:17:00,000	-49,1	13,3	14,5	-49,1	0,0	0,0	0,0	0,950	0,000	5008,093	0,0	-49,0		21:15:35:680		
003:18:00,000	-50,0	13,3	14,5	-50,0	0,0	0,0	0,0	0,950	0,000	5006,417	0,0	-49,9		21:16:35:680		
003:19:00,000	-49,9	13,3	14,5	-49,9	0,0	0,0	0,0	0,950	0,000	5006,009	0,0	-49,8		21:17:35:680		
003:20:00,000	-49,9	13,3	14,5	-49,9	0,0	0,0	0,0	0,950	0,000	5006,651	0,0	-49,9		21:18:35:680		
003:21:00,000	-50,0	13,2	14,4	-50,0	0,0	0,0	0,0	0,950	0,000	5007,481	0,0	-50,0		21:19:35:680		
003:22:00,000	-50,0	13,2	14,4	-50,0	0,0	0,0	0,0	0,950	0,000	5006,929	0,0	-49,9		21:20:35:680		
003:23:00,000	-49,9	13,2	14,4	-49,9	0,0	0,0	0,0	0,950	0,000	5007,321	0,0	-49,9		21:21:35:680		
003:24:00,000	-49,5	13,2	14,4	-49,5	0,0	0,0	0,0	0,950	0,000	5005,833	0,0	-49,4		21:22:35:680		
003:25:00,000	-49,9	13,2	14,4	-49,9	0,0	0,0	0,0	0,950	0,000	5006,167	0,0	-49,8		21:23:35:680		
003:26:00,000	-50,0	13,2	14,4	-49,9	0,0	0,0	0,0	0,950	0,000	5007,722	0,0	-49,9		21:24:35:680		
003:27:00,000	-50,0	13,2	14,4	-50,0	0,0	0,0	0,0	0,950	0,000	5006,657	0,0	-49,9		21:25:35:680		
003:28:00,000	-49,8	13,2	14,4	-49,8	0,0	0,0	0,0	0,950	0,000	5006,458	0,0	-49,8		21:26:35:680		
003:29:00,000	-49,0	13,1	14,3	-49,0	0,0	0,0	0,0	0,950	0,000	5005,991	0,0	-48,8		21:27:35:680		
003:30:00,000	-49,8	13,1	14,3	-49,8	0,0	0,0	0,0	0,950	0,000	5006,213	0,0	-49,8		21:28:35:680		
003:31:00,000	-49,1	13,1	14,3	-49,1	0,0	0,0	0,0	0,950	0,000	5005,826	0,0	-48,9		21:29:35:680		
003:32:00,000	-48,1	13,1	14,3	-48,1	0,0	0,0	0,0	0,950	0,000	5007,981	0,0	-48,0		21:30:35:680		
003:33:00,000	-46,3	13,1	14,3	-46,3	0,0	0,0	0,0	0,950	0,000	5006,306	0,0	-46,2		21:31:35:680		
003:34:00,000	-45,1	13,1	14,3	-45,1	0,0	0,0	0,0	0,950	0,000	5006,657	0,0	-44,9		21:32:35:680		
003:35:00,000	-44,4	13,0	14,2	-44,3	0,0	0,0	0,0	0,950	0,000	5005,454	0,0	-44,3		21:33:35:680		
003:36:00,000	-43,7	13,0	14,2	-43,7	0,0	0,0	0,0	0,950	0,000	5007,546	0,0	-43,8		21:34:35:680		
003:37:00,000	-45,9	13,0	14,2	-45,9	0,0	0,0	0,0	0,950	0,000	5008,165	0,0	-45,8		21:35:35:680		
003:38:00,000	-44,8	13,0	14,2	-44,8	0,0	0,0	0,0	0,950	0,000	5006,241	0,0	-44,4		21:36:35:680		
003:39:00,000	-42,6	13,0	14,2	-42,6	0,0	0,0	0,0	0,950	0,000	5006,296	0,0	-42,5		21:37:35:680		
003:40:00,000	-42,4	13,0	14,2	-42,5	0,0	0,0	0,0	0,950	0,000	5006,861	0,0	-42,4		21:38:35:680		
003:41:00,000	-41,9	13,0	14,1	-41,9	0,0	0,0	0,0	0,950	0,000	5006,944	0,0	-41,8		21:39:35:680		
003:42:00,000	-43,1	12,9	14,1	-43,1	0,0	0,0	0,0	0,950	0,000	5006,639	0,0	-42,7		21:40:35:680		
003:43:00,000	-46,4	12,9	14,1	-46,4	0,0	0,0	0,0	0,950	0,000	5006,176	0,0	-45,9		21:41:35:680		
003:44:00,000	-45,4	12,9	14,1	-45,4	0,0	0,0	0,0	0,950	0,000	5006,780	0,0	-45,2		21:42:35:680		
003:45:00,000	-44,8	12,9	14,1	-44,8	0,0	0,0	0,0	0,950	0,000	5005,944	0,0	-44,5		21:43:35:680		
003:46:00,000	-42,1	12,9	14,1	-42,1	0,0	0,0	0,0	0,950	0,000	5006,454	0,0	-41,9		21:44:35:680		
003:47:00,000	-39,9	12,9	14,1	-39,9	0,0	0,0	0,0	0,950	0,000	5006,407	0,0	-39,8		21:45:35:680		
003:48:00,000	-36,5	12,8	14,1	-36,5	0,0	0,0	0,0	0,950	0,000	5006,121	0,0	-36,4		21:46:35:680		
003:49:00,000	-38,2	12,8	14,0	-38,2	0,0	0,0	0,0	0,950	0,000	5006,009	0,0	-38,1		21:47:35:680		
003:50:00,000	-38,9	12,8	14,0	-38,9	0,0	0,0	0,0	0,950	0,000	5006,333	0,0	-38,6		21:48:35:680		
003:51:00,000	-39,8	12,8	14,0	-39,8	0,0	0,0	0,0	0,950	0,000	5007,009	0,0	-39,6		21:49:35:680		
003:52:00,000	-42,3	12,8	14,0	-42,3	0,0	0,0	0,0	0,950	0,000	5006,321	0,0	-42,1		21:50:35:680		
003:53:00,000	-42,6	12,7	14,0	-42,6	0,0	0,0	0,0	0,950	0,000	5006,129	0,0	-42,4		21:51:35:680		
003:54:00,000	-43,3	12,7	13,9	-43,3	0,0	0,0	0,0	0,950	0,000	5005,889	0,0	-43,0		21:52:35:680		
003:55:00,000	-43,8	12,7	13,9	-43,8	0,0	0,0	0,0	0,950	0,000	5005,741	0,0	-43,4		21:53:35:680		
003:56:00,000	-42,1	12,7	13,9	-42,1	0,0	0,0	0,0	0,950	0,000	5006,296	0,0	-41,7		21:54:35:680		
003:57:00,000	-39,6	12,7	13,9	-39,6	0,0	0,0	0,0	0,950	0,000	5006,642	0,0	-39,4		21:55:35:680		
003:58:00,000	-42,3	12,7	13,9	-42,3	0,0	0,0	0,0	0,950	0,000	5006,528	0,0	-42,3		21:56:35:680		
003:59:00,000	-42,1	12,7	13,9	-42,1	0,0	0,0	0,0	0,950	0,000	5006,648	0,0	-41,9		21:57:35:680		
004:00:00,000	-38,8	12,7	13,9	-38,8	0,0	0,0	0,0	0,950	0,000	5006,587	0,0	-38,7		21:58:35:680		
004:01:00,000	-39,4	12,7	13,9	-39,4	0,0	0,0	0,0	0,950	0,000	5006,093	0,0	-39,2		21:59:35:680		
004:02:00,000	-44,2	12,7	13,9	-44,2	0,0	0,0	0,0	0,950	0,000	5006,417	0,0	-44,0		22:00:35:680		
004:03:00,000	-45,6	12,7	13,9	-45,6	0,0	0,0	0,0	0,950	0,000	5006,213	0,0	-45,3		22:01:35:680		
004:04:00,000	-47,7	12,7	13,9	-47,7	0,0	0,0	0,0	0,950	0,000	5005,881	0,0	-47,6		22:02:35:680		
004:05:00,000	-47,6	12,7	13,9	-47,6	0,0	0,0	0,0	0,950	0,000	5005,954	0,0	-47,3		22:03:35:680		
004:06:00,000	-44,1	12,7	13,9	-44,1	0,0	0,0	0,0	0,950	0,000	5006,704	0,0	-43,9		22:04:35:680		
004:07:00,000	-39,4	12,7	13,9	-39,4	0,0	0,0	0,0	0,950	0,000	5006,454	0,0	-39,3		22:05:35:680		
004:08:00,000	-41,0	12,7	13,9	-41,0	0,0	0,0	0,0	0,950	0,000	5005,639	0,0	-40,9		22:06:35:680		
004:09:00,000	-41,2	12,7	13,9	-41,2	0,0	0,0	0,0	0,950	0,000	5006,147	0,0	-41,0		22:07:35:680		
004:10:00,000	-42,0	12,7	13,9	-42,0	0,0	0,0	0,0	0,950	0,000	5006,379	0,0	-42,0		22:08:35:680		
004:11:00,000	-45,1	12,7	13,9	-45,1	0,0	0,0	0,0	0,950	0,000	5006,176	0,0	-45,1		22:09:35:680		
004:12:00,000	-46,8	12,7	13,9	-46,8	0,0	0,0	0,0	0,950	0,000	5006,769	0,0	-46,4		22:10:35:680		
004:13:00,000	-45,2	12,6	13,8	-45,2	0,0	0,0	0,0	0,950	0,000	5010,046	0,0	-44,9		22:11:35:680		
004:14:00,000	-43,8	12,6	13,8	-43,8	0,0	0,0	0,0	0,950	0,000	5005,509	0,0	-43,8		22:12:35:680		
004:15:00,000	-41,6	12,6	13,8	-41,6	0,0	0,0	0,0	0,950	0,000	5005,528	0,0	-41,6		22:13:35:680		
004:16:00,000	-41,1	12,6	13,8	-41,1	0,0	0,0	0,0	0,950	0,000	5006,167	0,0	-40,8		22:14:35:680		
004:17:00,000	-41,4	12,6	13,8	-41,4	0,0	0,0	0,0	0,950	0,000	5007,266	0,0	-41,1		22:15:35:680		
004:18:00,000	-41,8	12,6	13,8	-41,8	0,0	0,0	0,0	0,950	0,000	5006,204	0,0	-41,6		22:16:35:680		
004:19:00,000	-42,8	12,6	13,8	-42,8	0,0	0,0	0,0	0,950	0,000	5005,871	0,0	-42,5		22:17:35:680		
004:20:00,000	-43,5	12,6	13,8	-43,5	0,0	0,0	0,0	0,950	0,000	5005,798	0,0	-43,3		22:18:35:680		
004:21:00,000	-47,0	12,6	13,8	-47,0	0,0	0,0	0,0	0,950	0,000	5006,852	0,0	-47,1		22:19:35:680		
004:22:00,000	-48,1	12,5	13,7	-48,1	0,0	0,0	0,0	0,950	0,000	5005,343	0,0	-48,0		22:20:35:680		
004:23:00,000	-45,9	12,5	13,7	-45,9	0,0	0,0	0,0	0,950	0,000	5005,722	0,0	-45,6		22:21:35:680		
004:24:00,000	-44,5	12,5	13,7	-44,5	0,0	0,0	0,0	0,950	0,000	5005,556	0,0	-44,4		22:22:35:680		
004:25:00,000	-43,8	12,5	13,7	-43,8	0,0	0,0	0,0	0,950	0,000	5005,431	0,0	-43,7		22:23:35:680		
004:26:00,000	-46,8	12,4	13,7	-46,8	0,0	0,0	0,0	0,950	0,000	5006,213	0,0	-46,7		22:24:35:680		
004:27:00,000	-41,7	12,4	13,7	-41,7	0,0	0,0	0,0	0,950	0,000	5007,000	0,0	-41,5		22:25:35:680		
004:28:00,000	-39,6	12,4	13,7	-39,6	0,0	0,0	0,0	0,950	0,000	5005,371	0,0	-39,4		22:26:35:680		
004:29:00,000	-37,8	12,4	13,6	-37,8	0,0	0,0	0,0	0,950	0,000	5005,102	0,0	-37,7		22:27:35:680		
004:30:00,000	-42,5	12,4	13,6	-42,5	0,0	0,0	0,0	0,950	0,000	5005,605	0,0	-42,4		22:28:35:680		
004:31:00,000	-46,0	12,4	13,6	-46,0	0,0	0,0	0,0	0,950	0,000	5006,241	0,0	-45,9		22:29:35:680		
004:32:00,000	-45,7	12,4	13,6	-45,7	0,0	0,0	0,0	0,950	0,000	5007,278	0,0	-45,5		22:30:35:680		
004:33:00,000	-44,4	12,3	13,6	-44,4	0,0	0,0	0,0	0,950	0,000	5006,670	0,0	-44,2		22:31:35:680		
004:34:00,000	-43,9	12,3	13,5	-43,9	0,0	0,0	0,0	0,950	0,000	5005,509	0,0	-43,8		22:32:35:680		
004:35:00,000	-42,8	12,3	13,5	-42,8	0,0	0,0	0,0	0,950	0,000	5005,879	0,0	-42,6		22:33:35:680		
004:36:00,000	-42,9	12,3	13,5	-42,9	0,0	0,0	0,0	0,950	0,000	5005,287	0,0	-42,9		22:34:35:680		
004:37:00,000	-41,8	12,3	13,5	-41,8	0,0	0,0	0,0	0,950	0,000	5005,899	0,0	-41,7		22:35:35:680		
004:38:00,000	-42,9	12,3	13,5	-42,9	0,0	0,0	0,0	0,950	0,000	5005,991	0,0	-42,7		22:36:35:680		
004:39:00,000	-45,3	12,3	13,5	-45,3	0,0	0,0	0,0	0,950	0,000	5005,694	0,0	-45,2		22:37:35:680		
004:40:00,000	-46,7	12,3	13,5	-46,6	0,0	0,0	0,0	0,950	0,000	5004,778	0,0	-46,5		22:38:35:680		
004:41:00,000	-47,1	12,2	13,5	-47,1	0,0	0,0	0,0	0,950	0,000	5006,435	0,0	-46,9		22:39:35:680		
004:42:00,000	-46,4	12,2	13,4	-46,4	0,0	0,0	0,0	0,950	0,000	5006,102	0,0	-46,2		22:40:35:680		
004:43:00,000	-47,8	12,2	13,4	-47,8	0,0	0,0	0,0	0,950	0,000	5006,477	0,0	-47,5		22:41:35:680		
004:44:00,000	-48,4	12,2	13,4	-48,4	0,0	0,0	0,0	0,950	0,000	5005,741	0,0	-48,4		22:42:35:680		
004:45:00,000	-49,5	12,1	13,3	-49,5	0,0	0,0	0,0	0,950	0,000	5005,759	0,0	-49,3		22:43:35:680		
004:46:00,000	-48,3	12,1	13,3	-48,3	0,0	0,0	0,0	0,950	0,000	5005,303	0,0	-48,1		22:44:35:680		
004:47:00,000	-46,7	12,1	13,3	-46,7	0,0	0,0	0,0	0,950	0,000	5006,176	0,0	-46,3		22:45:35:680		
004:48:00,000	-46,4	12,1	13,3	-46,4	0,0	0,0	0,0	0,950	0,000	5004,667	0,0	-46,4		22:46:35:680		
004:49:00,000	-46,3	12,1	13,3	-46,3	0,0	0,0	0,0	0,950	0,000	5004,879	0,0	-46,1		22:47:35:680		
004:50:00,000	-44,4	12,1	13,2	-44,4	0,0	0,0	0,0	0,950	0,000	5005,881	0,0	-44,3		22:48:35:680		
004:51:00,000	-44,1	12,1	13,2	-44,1	0,0	0,0	0,0	0,950	0,000	5006,102	0,0	-44,1		22:49:35:680		
004:52:00,000	-45,7	12,1	13,2	-45,7	0,0	0,0	0,0	0,950	0,000	5004,973	0,0	-45,4		22:50:35:680		
004:53:00,000	-48,0	12,1	13,2	-48,0	0,0	0,0	0,0	0,950	0,000	5005,389	0,0	-47,8		22:51:35:680		
004:54:00,000	-49,4	12,1	13,2	-49,4	0,0	0,0	0,0	0,950	0,000	5004,486	0,0	-49,4		22:52:35:680		
004:55:00,000	-49,6	12,1	13,2	-49,6	0,0	0,0	0,0	0,950	0,000	5004,861	0,0	-49,4		22:53:35:680		
004:56:00,000	-49,4	12,0	13,2	-49,4	0,0	0,0	0,0	0,950	0,000	5005,574	0,0	-49,2		22:54:35:680		
004:57:00,000	-49,4	12,0	13,2	-49,3	0,0	0,0	0,0	0,950	0,000	5005,731	0,0	-49,3		22:55:35:680		
004:58:00,000	-47,2	12,0	13,2	-47,2	0,0	0,0	0,0	0,950	0,000	5005,202	0,0	-46,9		22:56:35:680		
004:59:00,000	-45,8	12,0	13,2	-45,8	0,0	0,0	0,0	0,950	0,000	5005,371	0,0	-45,5		22:57:35:680		
005:00:00,000	-43,6	12,0	13,2	-43,6	0,0	0,0	0,0	0,950	0,000	5004,806	0,0	-43,4		22:58:35:680		
005:01:00,000	-44,7	12,0	13,2	-44,7	0,0	0,0	0,0	0,950	0,000	5006,303	0,0	-44,5		22:59:35:680		
005:02:00,000	-48,1	12,0	13,2	-48,1	0,0	0,0	0,0	0,950	0,000	5004,352	0,0	-48,1		23:00:35:680		
005:03:00,000	-49,2	12,0	13,2	-49,2	0,0	0,0	0,0	0,950	0,000	5004,806	0,0	-49,0		23:01:35:680		
005:04:00,000	-49,7	12,0	13,2	-49,7	0,0	0,0	0,0	0,950	0,000	5005,156	0,0	-49,5		23:02:35:680		
005:05:00,000	-49,4	12,0	13,2	-49,4	0,0	0,0	0,0	0,950	0,000	5005,500	0,0	-49,1		23:03:35:680		
005:06:00,000	-45,6	12,0	13,2	-45,6	0,0	0,0	0,0	0,950	0,000	5005,704	0,0	-45,2		23:04:35:680		
005:07:00,000	-48,4	12,0	13,2	-48,4	0,0	0,0	0,0	0,950	0,000	5007,129	0,0	-48,4		23:05:35:680		
005:08:00,000	-49,9	12,0	13,2	-49,9	0,0	0,0	0,0	0,950	0,000	5004,725	0,0	-49,9		23:06:35:680		
005:09:00,000	-50,0	12,0	13,2	-50,0	0,0	0,0	0,0	0,950	0,000	5005,102	0,0	-50,0		23:07:35:680		
005:10:00,000	-50,0	12,0	13,2	-50,0	0,0	0,0	0,0	0,950	0,000	5005,333	0,0	-50,0		23:08:35:680		
005:11:00,000	-50,0	12,0	13,2	-50,0	0,0	0,0	0,0	0,950	0,000	5005,731	0,0	-50,0		23:09:35:680		
005:12:00,000	-50,0	12,0	13,2	-50,0	0,0	0,0	0,0	0,950	0,000	5008,927	0,0	-50,0		23:10:35:680		
005:13:00,000	-50,0	12,0	13,2	-50,0	0,0	0,0	0,0	0,950	0,000	5005,333	0,0	-50,0		23:11:35:680		
005:14:00,000	-50,0	12,0	13,2	-50,0	0,0	0,0	0,0	0,950	0,000	5005,222	0,0	-50,0		23:12:35:680		
005:15:00,000	-50,0	12,0	13,2	-50,0	0,0	0,0	0,0	0,950	0,000	5005,532	0,0	-50,0		23:13:35:680		
005:16:00,000	-50,0	12,0	13,2	-50,0	0,0	0,0	0,0	0,950	0,000	5005,491	0,0	-50,0		23:14:35:680		
005:17:00,000	-50,0	12,0	13,2	-50,0	0,0	0,0	0,0	0,950	0,000	5005,936	0,0	-50,0		23:15:35:680		
005:18:00,000	-50,0	12,1	13,2	-50,0	0,0	0,0	0,0	0,950	0,000	5005,741	0,0	-50,0		23:16:35:680		
005:19:00,000	-50,0	12,1	13,2	-50,0	0,0	0,0	0,0	0,950	0,000	5005,139	0,0	-50,0		23:17:35:680		
005:20:00,000	-50,0	12,1	13,2	-50,0	0,0	0,0	0,0	0,950	0,000	5004,565	0,0	-50,0		23:18:35:680		
005:21:00,000	-50,0	12,1	13,2	-50,0	0,0	0,0	0,0	0,950	0,000	5005,605	0,0	-50,0		23:19:35:680		
005:22:00,000	-50,0	12,1	13,2	-50,0	0,0	0,0	0,0	0,950	0,000	5004,778	0,0	-49,9		23:20:35:680		
005:23:00,000	-50,0	12,1	13,2	-50,0	0,0	0,0	0,0	0,950	0,000	5005,266	0,0	-50,0		23:21:35:680		
005:24:00,000	-49,9	12,1	13,2	-49,9	0,0	0,0	0,0	0,950	0,000	5005,741	0,0	-49,8		23:22:35:680		
005:25:00,000	-49,8	12,1	13,2	-49,8	0,0	0,0	0,0	0,950	0,000	5005,056	0,0	-49,7		23:23:35:680		
005:26:00,000	-50,0	12,1	13,2	-50,0	0,0	0,0	0,0	0,950	0,000	5005,250	0,0	-49,9		23:24:35:680		
005:27:00,000	-50,0	12,1	13,2	-50,0	0,0	0,0	0,0	0,950	0,000	5006,550	0,0	-50,0		23:25:35:680		
005:28:00,000	-50,0	12,1	13,2	-50,0	0,0	0,0	0,0	0,950	0,000	5005,102	0,0	-50,0		23:26:35:680		
005:29:00,000	-50,0	12,1	13,2	-50,0	0,0	0,0	0,0	0,950	0,000	5005,688	0,0	-50,0		23:27:35:680		
005:30:00,000	-50,0	12,1	13,2	-50,0	0,0	0,0	0,0	0,950	0,000	5005,213	0,0	-50,0		23:28:35:680		
005:31:00,000	-50,0	12,1	13,2	-50,0	0,0	0,0	0,0	0,950	0,000	5004,815	0,0	-50,0		23:29:35:680		
005:32:00,000	-50,0	12,1	13,2	-50,0	0,0	0,0	0,0	0,950	0,000	5006,121	0,0	-50,0		23:30:35:680		
005:33:00,000	-50,0	12,1	13,2	-50,0	0,0	0,0	0,0	0,950	0,000	5006,046	0,0	-50,0		23:31:35:680		
005:34:00,000	-50,0	12,1	13,2	-50,0	0,0	0,0	0,0	0,950	0,000	5005,241	0,0	-49,9		23:32:35:680		
005:35:00,000	-50,0	12,4	13,2	-50,0	0,0	0,0	0,0	0,950	0,000	5005,806	0,0	-49,9		23:33:35:680		
005:36:00,000	-50,0	12,6	13,2	-50,0	0,0	0,0	0,0	0,950	0,000	5007,074	0,0	-50,0		23:34:35:680		
005:37:00,000	-49,9	12,6	13,2	-49,9	0,0	0,0	0,0	0,950	0,000	5006,426	0,0	-49,8		23:35:35:680		
005:38:00,000	-50,0	12,5	13,2	-49,9	0,0	0,0	0,0	0,950	0,000	5005,491	0,0	-50,0		23:36:35:680		
005:39:00,000	-49,9	12,4	13,2	-50,0	0,0	0,0	0,0	0,950	0,000	5005,395	0,0	-49,9		23:37:35:680		
005:40:00,000	-49,9	12,3	13,2	-49,9	0,0	0,0	0,0	0,950	0,000	5005,324	0,0	-49,9		23:38:35:680		
005:41:00,000	-50,0	12,5	13,2	-49,9	0,0	0,0	0,0	0,950	0,000	5005,556	0,0	-50,0		23:39:35:680		
005:42:00,000	-49,6	12,5	13,2	-49,6	0,0	0,0	0,0	0,950	0,000	5005,435	0,0	-49,5		23:40:35:680		
005:43:00,000	-49,4	12,5	13,2	-49,4	0,0	0,0	0,0	0,950	0,000	5005,315	0,0	-49,2		23:41:35:680		
005:44:00,000	-49,7	12,4	13,2	-49,7	0,0	0,0	0,0	0,950	0,000	5005,648	0,0	-49,7		23:42:35:680		
005:45:00,000	-50,0	12,4	13,2	-50,0	0,0	0,0	0,0	0,950	0,000	5005,593	0,0	-49,9		23:43:35:680		
005:46:00,000	-49,9	12,3	13,2	-49,9	0,0	0,0	0,0	0,950	0,000	5004,945	0,0	-49,9		23:44:35:680		
005:47:00,000	-50,0	12,2	13,2	-50,0	0,0	0,0	0,0	0,950	0,000	5005,519	0,0	-50,0		23:45:35:680		
005:48:00,000	-50,0	12,2	13,2	-50,0	0,0	0,0	0,0	0,950	0,000	5004,917	0,0	-50,0		23:46:35:680		
005:49:00,000	-50,0	12,2	13,2	-50,0	0,0	0,0	0,0	0,950	0,000	5004,991	0,0	-50,0		23:47:35:680		
005:50:00,000	-50,0	12,2	13,2	-50,0	0,0	0,0	0,0	0,950	0,000	5004,935	0,0	-50,0		23:48:35:680		
005:51:00,000	-50,0	12,2	13,2	-50,0	0,0	0,0	0,0	0,950	0,000	5006,229	0,0	-50,0		23:49:35:680		
005:52:00,000	-50,0	12,2	13,2	-50,0	0,0	0,0	0,0	0,950	0,000	5004,722	0,0	-50,0		23:50:35:680		
005:53:00,000	-50,0	12,2	13,2	-50,0	0,0	0,0	0,0	0,950	0,000	5005,046	0,0	-50,0		23:51:35:680		
005:54:00,000	-50,0	12,1	13,2	-50,0	0,0	0,0	0,0	0,950	0,000	5005,651	0,0	-50,0		23:52:35:680		
005:55:00,000	-50,0	12,1	13,2	-50,0	0,0	0,0	0,0	0,950	0,000	5004,935	0,0	-50,0		23:53:35:680		
005:56:00,000	-50,0	12,1	13,2	-50,0	0,0	0,0	0,0	0,950	0,000	5005,707	0,0	-50,0		23:54:35:680		
005:57:00,000	-50,0	12,1	13,2	-50,0	0,0	0,0	0,0	0,950	0,000	5006,028	0,0	-50,0		23:55:35:680		
005:58:00,000	-50,0	12,1	13,2	-50,0	0,0	0,0	0,0	0,950	0,000	5005,287	0,0	-50,0		23:56:35:680		
005:59:00,000	-50,0	12,1	13,2	-50,0	0,0	0,0	0,0	0,950	0,000	5004,944	0,0	-50,0		23:57:35:680		
006:00:00,000	-50,0	12,1	13,2	-50,0	0,0	0,0	0,0	0,950	0,000	5005,602	0,0	-50,0		23:58:35:680		
006:01:00,000	-50,0	12,1	13,2	-50,0	0,0	0,0	0,0	0,950	0,000	5008,759	0,0	-50,0		23:59:35:680		
006:02:00,000	-50,0	12,1	13,2	-50,0	0,0	0,0	0,0	0,950	0,000	5004,835	0,0	-50,0		00:00:35:680		
006:03:00,000	-50,0	12,1	13,2	-50,0	0,0	0,0	0,0	0,950	0,000	5005,500	0,0	-50,0		00:01:35:680		
006:04:00,000	-50,0	12,1	13,2	-50,0	0,0	0,0	0,0	0,950	0,000	5005,546	0,0	-50,0		00:02:35:680		
006:05:00,000	-50,0	12,0	13,2	-50,0	0,0	0,0	0,0	0,950	0,000	5005,239	0,0	-50,0		00:03:35:680		
006:06:00,000	-50,0	12,0	13,2	-50,0	0,0	0,0	0,0	0,950	0,000	5006,306	0,0	-50,0		00:04:35:680		
006:07:00,000	-50,0	12,0	13,1	-50,0	0,0	0,0	0,0	0,950	0,000	5005,121	0,0	-50,0		00:05:35:680		
006:08:00,000	-50,0	12,0	13,1	-50,0	0,0	0,0	0,0	0,950	0,000	5004,824	0,0	-50,0		00:06:35:680		
006:09:00,000	-50,0	12,0	13,1	-50,0	0,0	0,0	0,0	0,950	0,000	5004,824	0,0	-50,0		00:07:35:680		
006:10:00,000	-50,0	12,0	13,1	-50,0	0,0	0,0	0,0	0,950	0,000	5005,211	0,0	-50,0		00:08:35:680		
006:11:00,000	-50,0	12,0	13,0	-50,0	0,0	0,0	0,0	0,950	0,000	5004,685	0,0	-50,0		00:09:35:680		
006:12:00,000	-50,0	12,1	13,0	-50,0	0,0	0,0	0,0	0,950	0,000	5005,000	0,0	-50,0		00:10:35:680		
006:13:00,000	-50,0	12,3	13,0	-50,0	0,0	0,0	0,0	0,950	0,000	5004,222	0,0	-50,0		00:11:35:680		
006:14:00,000	-50,0	12,4	13,0	-50,0	0,0	0,0	0,0	0,950	0,000	5004,574	0,0	-50,0		00:12:35:680		
006:15:00,000	-50,0	12,4	13,0	-50,0	0,0	0,0	0,0	0,950	0,000	5004,528	0,0	-50,0		00:13:35:680		
006:16:00,000	-50,0	12,4	13,0	-50,0	0,0	0,0	0,0	0,950	0,000	5004,944	0,0	-50,0		00:14:35:680		
006:17:00,000	-50,0	12,5	13,0	-50,0	0,0	0,0	0,0	0,950	0,000	5006,413	0,0	-50,0		00:15:35:680		
006:18:00,000	-50,0	12,6	13,1	-50,0	0,0	0,0	0,0	0,950	0,000	5005,324	0,0	-50,0		00:16:35:680		
006:19:00,000	-50,0	12,7	13,2	-50,0	0,0	0,0	0,0	0,950	0,000	5005,731	0,0	-50,0		00:17:35:680		
006:20:00,000	-50,0	12,8	13,3	-50,0	0,0	0,0	0,0	0,950	0,000	5006,491	0,0	-50,0		00:18:35:680		
006:21:00,000	-50,0	12,8	13,3	-50,0	0,0	0,0	0,0	0,950	0,000	5006,861	0,0	-50,0		00:19:35:680		
006:22:00,000	-50,0	12,9	13,4	-50,0	0,0	0,0	0,0	0,950	0,000	5005,574	0,0	-50,0		00:20:35:680		
006:23:00,000	-50,0	12,9	13,4	-50,0	0,0	0,0	0,0	0,950	0,000	5005,945	0,0	-50,0		00:21:35:680		
006:24:00,000	-50,0	12,9	13,4	-50,0	0,0	0,0	0,0	0,950	0,000	5006,065	0,0	-50,0		00:22:35:680		
006:25:00,000	-50,0	12,9	13,4	-50,0	0,0	0,0	0,0	0,950	0,000	5006,056	0,0	-50,0		00:23:35:680		
006:26:00,000	-50,0	12,9	13,4	-50,0	0,0	0,0	0,0	0,950	0,000	5006,083	0,0	-50,0		00:24:35:680		
006:27:00,000	-50,0	12,9	13,4	-50,0	0,0	0,0	0,0	0,950	0,000	5006,731	0,0	-50,0		00:25:35:680		
006:28:00,000	-50,0	12,9	13,4	-50,0	0,0	0,0	0,0	0,950	0,000	5007,352	0,0	-50,0		00:26:35:680		
006:29:00,000	-50,0	12,8	13,4	-50,0	0,0	0,0	0,0	0,950	0,000	5006,379	0,0	-50,0		00:27:35:680		
006:30:00,000	-50,0	12,8	13,4	-50,0	0,0	0,0	0,0	0,950	0,000	5005,454	0,0	-50,0		00:28:35:680		
006:31:00,000	-50,0	12,8	13,4	-50,0	0,0	0,0	0,0	0,950	0,000	5006,046	0,0	-50,0		00:29:35:680		
006:32:00,000	-50,0	12,8	13,4	-50,0	0,0	0,0	0,0	0,950	0,000	5007,333	0,0	-50,0		00:30:35:680		
006:33:00,000	-50,0	12,9	13,4	-50,0	0,0	0,0	0,0	0,950	0,000	5005,667	0,0	-50,0		00:31:35:680		
006:34:00,000	-50,0	12,9	13,4	-50,0	0,0	0,0	0,0	0,950	0,000	5005,426	0,0	-50,0		00:32:35:680		
006:35:00,000	-50,0	12,9	13,4	-50,0	0,0	0,0	0,0	0,950	0,000	5006,220	0,0	-50,0		00:33:35:680		
006:36:00,000	-50,0	12,9	13,4	-50,0	0,0	0,0	0,0	0,950	0,000	5007,250	0,0	-50,0		00:34:35:680		
006:37:00,000	-50,0	12,9	13,4	-50,0	0,0	0,0	0,0	0,950	0,000	5006,685	0,0	-50,0		00:35:35:680		
006:38:00,000	-50,0	12,9	13,4	-50,0	0,0	0,0	0,0	0,950	0,000	5006,147	0,0	-50,0		00:36:35:680		
006:39:00,000	-50,0	13,0	13,5	-50,0	0,0	0,0	0,0	0,950	0,000	5005,861	0,0	-50,0		00:37:35:680		
006:40:00,000	-50,0	13,0	13,5	-50,0	0,0	0,0	0,0	0,950	0,000	5006,093	0,0	-50,0		00:38:35:680		
006:41:00,000	-50,0	13,0	13,5	-50,0	0,0	0,0	0,0	0,950	0,000	5005,639	0,0	-50,0		00:39:35:680		
006:42:00,000	-50,0	12,9	13,5	-50,0	0,0	0,0	0,0	0,950	0,000	5005,287	0,0	-50,0		00:40:35:680		
006:43:00,000	-50,0	12,9	13,5	-50,0	0,0	0,0	0,0	0,950	0,000	5006,147	0,0	-50,0		00:41:35:680		
006:44:00,000	-50,0	12,8	13,5	-50,0	0,0	0,0	0,0	0,950	0,000	5006,509	0,0	-50,0		00:42:35:680		
006:45:00,000	-50,0	12,8	13,5	-50,0	0,0	0,0	0,0	0,950	0,000	5006,119	0,0	-50,0		00:43:35:680		
006:46:00,000	-50,0	12,9	13,5	-50,0	0,0	0,0	0,0	0,950	0,000	5005,917	0,0	-50,0		00:44:35:680		
006:47:00,000	-50,0	12,9	13,5	-50,0	0,0	0,0	0,0	0,950	0,000	5006,379	0,0	-50,0		00:45:35:680		
006:48:00,000	-50,0	12,8	13,5	-50,0	0,0	0,0	0,0	0,950	0,000	5006,046	0,0	-50,0		00:46:35:680		
006:49:00,000	-50,0	12,8	13,5	-50,0	0,0	0,0	0,0	0,950	0,000	5009,954	0,0	-50,0		00:47:35:680		
006:50:00,000	-50,0	12,8	13,5	-50,0	0,0	0,0	0,0	0,950	0,000	5006,239	0,0	-50,0		00:48:35:680		
006:51:00,000	-50,0	12,9	13,5	-50,0	0,0	0,0	0,0	0,950	0,000	5006,250	0,0	-50,0		00:49:35:680		
006:52:00,000	-50,0	12,8	13,5	-50,0	0,0	0,0	0,0	0,950	0,000	5006,324	0,0	-50,0		00:50:35:680		
006:53:00,000	-50,0	12,7	13,5	-50,0	0,0	0,0	0,0	0,950	0,000	5005,759	0,0	-50,0		00:51:35:680		
006:54:00,000	-50,0	12,7	13,5	-50,0	0,0	0,0	0,0	0,950	0,000	5006,657	0,0	-50,0		00:52:35:680		
006:55:00,000	-50,0	12,8	13,5	-50,0	0,0	0,0	0,0	0,950	0,000	5005,826	0,0	-50,0		00:53:35:680		
006:56:00,000	-50,0	12,7	13,5	-50,0	0,0	0,0	0,0	0,950	0,000	5006,741	0,0	-50,0		00:54:35:680		
006:57:00,000	-50,0	12,6	13,5	-50,0	0,0	0,0	0,0	0,950	0,000	5005,926	0,0	-50,0		00:55:35:680		
006:58:00,000	-50,0	12,4	13,5	-50,0	0,0	0,0	0,0	0,950	0,000	5005,239	0,0	-50,0		00:56:35:680		
006:59:00,000	-50,0	12,3	13,5	-50,0	0,0	0,0	0,0	0,950	0,000	5005,704	0,0	-50,0		00:57:35:680		
007:00:00,000	-50,0	12,3	13,5	-50,0	0,0	0,0	0,0	0,950	0,000	5005,278	0,0	-50,0		00:58:35:680		
007:01:00,000	-50,0	12,3	13,5	-50,0	0,0	0,0	0,0	0,950	0,000	5005,468	0,0	-50,0		00:59:35:680		
007:02:00,000	-50,0	12,3	13,5	-50,0	0,0	0,0	0,0	0,950	0,000	5004,889	0,0	-50,0		01:00:35:680		
007:03:00,000	-50,0	12,2	13,4	-50,0	0,0	0,0	0,0	0,950	0,000	5004,907	0,0	-50,0		01:01:35:680		
007:04:00,000	-50,0	12,0	13,2	-50,0	0,0	0,0	0,0	0,950	0,000	5004,843	0,0	-50,0		01:02:35:680		
007:05:00,000	-50,0	12,0	13,2	-50,0	0,0	0,0	0,0	0,950	0,000	5005,908	0,0	-50,0		01:03:35:680		
007:06:00,000	-50,0	11,9	13,1	-50,0	0,0	0,0	0,0	0,950	0,000	5005,389	0,0	-50,0		01:04:35:680		
007:07:00,000	-50,0	11,8	13,1	-50,0	0,0	0,0	0,0	0,950	0,000	5005,546	0,0	-50,0		01:05:35:680		
007:08:00,000	-50,0	11,8	13,0	-50,0	0,0	0,0	0,0	0,950	0,000	5003,167	0,0	-50,0		01:06:35:680		
007:09:00,000	-50,0	11,8	13,0	-50,0	0,0	0,0	0,0	0,950	0,000	5004,376	0,0	-50,0		01:07:35:680		
007:10:00,000	-50,0	11,7	13,0	-50,0	0,0	0,0	0,0	0,950	0,000	5003,593	0,0	-50,0		01:08:35:680		
007:11:00,000	-50,0	11,7	12,9	-50,0	0,0	0,0	0,0	0,950	0,000	5003,574	0,0	-50,0		01:09:35:680		
007:12:00,000	-50,0	11,6	12,9	-50,0	0,0	0,0	0,0	0,950	0,000	5003,611	0,0	-50,0		01:10:35:680		
007:13:00,000	-50,0	11,7	12,9	-50,0	0,0	0,0	0,0	0,950	0,000	5003,879	0,0	-50,0		01:11:35:680		
007:14:00,000	-50,0	11,7	12,9	-50,0	0,0	0,0	0,0	0,950	0,000	5003,944	0,0	-50,0		01:12:35:680		
007:15:00,000	-50,0	11,8	12,9	-50,0	0,0	0,0	0,0	0,950	0,000	5004,275	0,0	-50,0		01:13:35:680		
007:16:00,000	-50,0	11,8	12,9	-50,0	0,0	0,0	0,0	0,950	0,000	5003,657	0,0	-50,0		01:14:35:680		
007:17:00,000	-50,0	11,8	12,9	-50,0	0,0	0,0	0,0	0,950	0,000	5004,565	0,0	-50,0		01:15:35:680		
007:18:00,000	-50,0	11,8	12,9	-50,0	0,0	0,0	0,0	0,950	0,000	5002,787	0,0	-50,0		01:16:35:680		
007:19:00,000	-50,0	11,8	12,9	-50,0	0,0	0,0	0,0	0,950	0,000	5003,771	0,0	-50,0		01:17:35:680		
007:20:00,000	-50,0	11,8	12,9	-50,0	0,0	0,0	0,0	0,950	0,000	5005,083	0,0	-50,0		01:18:35:680		
007:21:00,000	-50,0	11,8	12,9	-50,0	0,0	0,0	0,0	0,950	0,000	5004,241	0,0	-50,0		01:19:35:680		
007:22:00,000	-50,0	11,7	12,9	-50,0	0,0	0,0	0,0	0,950	0,000	5004,027	0,0	-50,0		01:20:35:680		
007:23:00,000	-50,0	11,7	12,9	-50,0	0,0	0,0	0,0	0,950	0,000	5004,000	0,0	-50,0		01:21:35:680		
007:24:00,000	-50,0	11,7	12,9	-50,0	0,0	0,0	0,0	0,950	0,000	5003,537	0,0	-50,0		01:22:35:680		
007:25:00,000	-50,0	11,7	12,9	-50,0	0,0	0,0	0,0	0,950	0,000	5003,927	0,0	-50,0		01:23:35:680		
007:26:00,000	-50,0	11,7	12,9	-50,0	0,0	0,0	0,0	0,950	0,000	5003,917	0,0	-50,0		01:24:35:680		
007:27:00,000	-50,0	11,7	12,9	-50,0	0,0	0,0	0,0	0,950	0,000	5004,431	0,0	-50,0		01:25:35:680		
007:28:00,000	-50,0	11,7	12,9	-50,0	0,0	0,0	0,0	0,950	0,000	5004,389	0,0	-50,0		01:26:35:680		
007:29:00,000	-50,0	11,7	12,9	-50,0	0,0	0,0	0,0	0,950	0,000	5004,139	0,0	-50,0		01:27:35:680		
007:30:00,000	-50,0	11,7	12,9	-50,0	0,0	0,0	0,0	0,950	0,000	5003,174	0,0	-50,0		01:28:35:680		
007:31:00,000	-50,0	11,7	12,8	-50,0	0,0	0,0	0,0	0,950	0,000	5009,750	0,0	-50,0		01:29:35:680		
007:32:00,000	-50,0	11,7	12,8	-50,0	0,0	0,0	0,0	0,950	0,000	5004,741	0,0	-50,0		01:30:35:680		
007:33:00,000	-48,5	11,7	12,8	-48,5	0,0	0,0	0,0	0,950	0,000	5003,454	0,0	-48,4		01:31:35:680		
007:34:00,000	-50,0	11,7	12,8	-50,0	0,0	0,0	0,0	0,950	0,000	5003,963	0,0	-50,0		01:32:35:680		
007:35:00,000	-50,0	11,6	12,8	-50,0	0,0	0,0	0,0	0,950	0,000	5003,787	0,0	-50,0		01:33:35:680		
007:36:00,000	-50,0	11,6	12,8	-50,0	0,0	0,0	0,0	0,950	0,000	5003,798	0,0	-50,0		01:34:35:680		
007:37:00,000	-50,0	11,6	12,8	-50,0	0,0	0,0	0,0	0,950	0,000	5004,259	0,0	-50,0		01:35:35:680		
007:38:00,000	-50,0	11,6	12,8	-50,0	0,0	0,0	0,0	0,950	0,000	5004,685	0,0	-50,0		01:36:35:680		
007:39:00,000	-50,0	11,7	12,8	-50,0	0,0	0,0	0,0	0,950	0,000	5003,450	0,0	-50,0		01:37:35:680		
007:40:00,000	-50,0	11,7	12,8	-50,0	0,0	0,0	0,0	0,950	0,000	5003,602	0,0	-50,0		01:38:35:680		
007:41:00,000	-50,0	11,7	12,8	-50,0	0,0	0,0	0,0	0,950	0,000	5004,491	0,0	-50,0		01:39:35:680		
007:42:00,000	-50,0	11,7	12,8	-50,0	0,0	0,0	0,0	0,950	0,000	5003,194	0,0	-50,0		01:40:35:680		
007:43:00,000	-50,0	11,7	12,8	-50,0	0,0	0,0	0,0	0,950	0,000	5004,147	0,0	-50,0		01:41:35:680		
007:44:00,000	-50,0	11,7	12,8	-50,0	0,0	0,0	0,0	0,950	0,000	5003,565	0,0	-50,0		01:42:35:680		
007:45:00,000	-50,0	11,7	12,8	-50,0	0,0	0,0	0,0	0,950	0,000	5003,454	0,0	-50,0		01:43:35:680		
007:46:00,000	-50,0	11,8	12,8	-50,0	0,0	0,0	0,0	0,950	0,000	5003,944	0,0	-50,0		01:44:35:680		
007:47:00,000	-50,0	11,8	12,8	-50,0	0,0	0,0	0,0	0,950	0,000	5004,734	0,0	-50,0		01:45:35:680		
007:48:00,000	-50,0	11,8	12,8	-50,0	0,0	0,0	0,0	0,950	0,000	5003,528	0,0	-50,0		01:46:35:680		
007:49:00,000	-50,0	11,8	12,8	-50,0	0,0	0,0	0,0	0,950	0,000	5004,074	0,0	-50,0		01:47:35:680		
007:50:00,000	-50,0	11,7	12,8	-50,0	0,0	0,0	0,0	0,950	0,000	5004,055	0,0	-50,0		01:48:35:680		
007:51:00,000	-50,0	11,7	12,8	-50,0	0,0	0,0	0,0	0,950	0,000	5004,278	0,0	-50,0		01:49:35:680		
007:52:00,000	-50,0	11,7	12,8	-50,0	0,0	0,0	0,0	0,950	0,000	5004,074	0,0	-50,0		01:50:35:680		
007:53:00,000	-50,0	11,7	12,8	-50,0	0,0	0,0	0,0	0,950	0,000	5003,713	0,0	-50,0		01:51:35:680		
007:54:00,000	-50,0	11,7	12,8	-50,0	0,0	0,0	0,0	0,950	0,000	5003,546	0,0	-50,0		01:52:35:680		
007:55:00,000	-50,0	11,6	12,8	-50,0	0,0	0,0	0,0	0,950	0,000	5003,046	0,0	-50,0		01:53:35:680		
007:56:00,000	-50,0	11,6	12,8	-50,0	0,0	0,0	0,0	0,950	0,000	5003,889	0,0	-50,0		01:54:35:680		
007:57:00,000	-50,0	11,7	12,8	-50,0	0,0	0,0	0,0	0,950	0,000	5004,064	0,0	-50,0		01:55:35:680		
007:58:00,000	-50,0	11,7	12,8	-50,0	0,0	0,0	0,0	0,950	0,000	5003,935	0,0	-50,0		01:56:35:680		
007:59:00,000	-50,0	11,6	12,8	-50,0	0,0	0,0	0,0	0,950	0,000	5003,477	0,0	-50,0		01:57:35:680		
008:00:00,000	-50,0	11,6	12,8	-50,0	0,0	0,0	0,0	0,950	0,000	5004,339	0,0	-50,0		01:58:35:680		
008:01:00,000	-50,0	11,6	12,7	-50,0	0,0	0,0	0,0	0,950	0,000	5003,407	0,0	-50,0		01:59:35:680		
008:02:00,000	-50,0	11,5	12,7	-50,0	0,0	0,0	0,0	0,950	0,000	5003,722	0,0	-50,0		02:00:35:680		
008:03:00,000	-50,0	11,5	12,7	-50,0	0,0	0,0	0,0	0,950	0,000	5003,147	0,0	-50,0		02:01:35:680		
008:04:00,000	-50,0	11,5	12,6	-50,0	0,0	0,0	0,0	0,950	0,000	5003,574	0,0	-50,0		02:02:35:680		
008:05:00,000	-50,0	11,4	12,6	-50,0	0,0	0,0	0,0	0,950	0,000	5003,657	0,0	-50,0		02:03:35:680		
008:06:00,000	-50,0	11,3	12,5	-50,0	0,0	0,0	0,0	0,950	0,000	5004,101	0,0	-50,0		02:04:35:680		
008:07:00,000	-50,0	11,3	12,5	-50,0	0,0	0,0	0,0	0,950	0,000	5002,898	0,0	-50,0		02:05:35:680		
008:08:00,000	-50,0	11,3	12,5	-50,0	0,0	0,0	0,0	0,950	0,000	5003,333	0,0	-50,0		02:06:35:680		
008:09:00,000	-50,0	11,3	12,5	-50,0	0,0	0,0	0,0	0,950	0,000	5003,907	0,0	-50,0		02:07:35:680		
008:10:00,000	-50,0	11,3	12,5	-50,0	0,0	0,0	0,0	0,950	0,000	5003,352	0,0	-50,0		02:08:35:680		
008:11:00,000	-50,0	11,3	12,5	-50,0	0,0	0,0	0,0	0,950	0,000	5003,404	0,0	-50,0		02:09:35:680		
008:12:00,000	-50,0	11,3	12,4	-50,0	0,0	0,0	0,0	0,950	0,000	5002,917	0,0	-50,0		02:10:35:680		
008:13:00,000	-50,0	11,3	12,4	-50,0	0,0	0,0	0,0	0,950	0,000	5006,556	0,0	-50,0		02:11:35:680		
008:14:00,000	-50,0	11,3	12,4	-50,0	0,0	0,0	0,0	0,950	0,000	5003,741	0,0	-50,0		02:12:35:680		
008:15:00,000	-50,0	11,3	12,4	-50,0	0,0	0,0	0,0	0,950	0,000	5003,293	0,0	-50,0		02:13:35:680		
008:16:00,000	-50,0	11,3	12,4	-50,0	0,0	0,0	0,0	0,950	0,000	5002,750	0,0	-50,0		02:14:35:680		
008:17:00,000	-50,0	11,3	12,4	-50,0	0,0	0,0	0,0	0,950	0,000	5003,954	0,0	-50,0		02:15:35:680		
008:18:00,000	-50,0	11,3	12,4	-50,0	0,0	0,0	0,0	0,950	0,000	5003,560	0,0	-50,0		02:16:35:680		
008:19:00,000	-50,0	11,3	12,4	-50,0	0,0	0,0	0,0	0,950	0,000	5002,685	0,0	-50,0		02:17:35:680		
008:20:00,000	-50,0	11,3	12,4	-50,0	0,0	0,0	0,0	0,950	0,000	5002,657	0,0	-50,0		02:18:35:680		
008:21:00,000	-50,0	11,3	12,4	-50,0	0,0	0,0	0,0	0,950	0,000	5004,211	0,0	-50,0		02:19:35:680		
008:22:00,000	-50,0	11,3	12,4	-50,0	0,0	0,0	0,0	0,950	0,000	5003,481	0,0	-50,0		02:20:35:680		
008:23:00,000	-50,0	11,3	12,4	-50,0	0,0	0,0	0,0	0,950	0,000	5003,074	0,0	-50,0		02:21:35:680		
008:24:00,000	-50,0	11,3	12,4	-50,0	0,0	0,0	0,0	0,950	0,000	5003,565	0,0	-50,0		02:22:35:680		
008:25:00,000	-50,0	11,3	12,4	-50,0	0,0	0,0	0,0	0,950	0,000	5002,743	0,0	-50,0		02:23:35:680		
008:26:00,000	-50,0	11,3	12,4	-50,0	0,0	0,0	0,0	0,950	0,000	5003,694	0,0	-50,0		02:24:35:680		
008:27:00,000	-50,0	11,2	12,4	-50,0	0,0	0,0	0,0	0,950	0,000	5003,815	0,0	-50,0		02:25:35:680		
008:28:00,000	-50,0	11,2	12,4	-50,0	0,0	0,0	0,0	0,950	0,000	5003,239	0,0	-50,0		02:26:35:680		
008:29:00,000	-50,0	11,1	12,3	-50,0	0,0	0,0	0,0	0,950	0,000	5003,611	0,0	-50,0		02:27:35:680		
008:30:00,000	-50,0	11,1	12,3	-50,0	0,0	0,0	0,0	0,950	0,000	5004,074	0,0	-50,0		02:28:35:680		
008:31:00,000	-50,0	11,1	12,3	-50,0	0,0	0,0	0,0	0,950	0,000	5002,574	0,0	-50,0		02:29:35:680		
008:32:00,000	-50,0	11,1	12,3	-50,0	0,0	0,0	0,0	0,950	0,000	5003,944	0,0	-50,0		02:30:35:680		
008:33:00,000	-50,0	11,1	12,3	-50,0	0,0	0,0	0,0	0,950	0,000	5003,734	0,0	-50,0		02:31:35:680		
008:34:00,000	-50,0	11,1	12,3	-50,0	0,0	0,0	0,0	0,950	0,000	5003,287	0,0	-50,0		02:32:35:680		
008:35:00,000	-50,0	11,1	12,3	-50,0	0,0	0,0	0,0	0,950	0,000	5002,528	0,0	-50,0		02:33:35:680		
008:36:00,000	-50,0	11,0	12,2	-50,0	0,0	0,0	0,0	0,950	0,000	5002,926	0,0	-50,0		02:34:35:680		
008:37:00,000	-50,0	11,0	12,2	-50,0	0,0	0,0	0,0	0,950	0,000	5003,139	0,0	-50,0		02:35:35:680		
008:38:00,000	-50,0	11,0	12,2	-50,0	0,0	0,0	0,0	0,950	0,000	5003,413	0,0	-50,0		02:36:35:680		
008:39:00,000	-50,0	11,1	12,2	-50,0	0,0	0,0	0,0	0,950	0,000	5002,954	0,0	-50,0		02:37:35:680		
008:40:00,000	-50,0	11,1	12,2	-50,0	0,0	0,0	0,0	0,950	0,000	5002,583	0,0	-50,0		02:38:35:680		
008:41:00,000	-50,0	11,2	12,2	-50,0	0,0	0,0	0,0	0,950	0,000	5002,881	0,0	-50,0		02:39:35:680		
008:42:00,000	-50,0	11,2	12,2	-50,0	0,0	0,0	0,0	0,950	0,000	5002,778	0,0	-50,0		02:40:35:680		
008:43:00,000	-50,0	11,2	12,2	-50,0	0,0	0,0	0,0	0,950	0,000	5003,379	0,0	-50,0		02:41:35:680		
008:44:00,000	-50,0	11,1	12,2	-50,0	0,0	0,0	0,0	0,950	0,000	5002,898	0,0	-50,0		02:42:35:680		
008:45:00,000	-50,0	11,1	12,2	-50,0	0,0	0,0	0,0	0,950	0,000	5002,670	0,0	-50,0		02:43:35:680		
008:46:00,000	-50,0	11,1	12,2	-50,0	0,0	0,0	0,0	0,950	0,000	5002,833	0,0	-50,0		02:44:35:680		
008:47:00,000	-50,0	11,1	12,2	-50,0	0,0	0,0	0,0	0,950	0,000	5003,222	0,0	-50,0		02:45:35:680		
008:48:00,000	-50,0	11,1	12,2	-50,0	0,0	0,0	0,0	0,950	0,000	5003,532	0,0	-50,0		02:46:35:680		
008:49:00,000	-50,0	11,2	12,2	-50,0	0,0	0,0	0,0	0,950	0,000	5003,287	0,0	-50,0		02:47:35:680		
008:50:00,000	-50,0	11,2	12,2	-50,0	0,0	0,0	0,0	0,950	0,000	5002,621	0,0	-50,0		02:48:35:680		
008:51:00,000	-50,0	11,2	12,2	-50,0	0,0	0,0	0,0	0,950	0,000	5004,417	0,0	-50,0		02:49:35:680		
008:52:00,000	-50,0	11,2	12,2	-50,0	0,0	0,0	0,0	0,950	0,000	5002,853	0,0	-50,0		02:50:35:680		
008:53:00,000	-50,0	11,2	12,2	-50,0	0,0	0,0	0,0	0,950	0,000	5003,852	0,0	-50,0		02:51:35:680		
008:54:00,000	-50,0	11,2	12,2	-50,0	0,0	0,0	0,0	0,950	0,000	5003,269	0,0	-50,0		02:52:35:680		
008:55:00,000	-50,0	11,2	12,2	-50,0	0,0	0,0	0,0	0,950	0,000	5006,486	0,0	-50,0		02:53:35:680		
008:56:00,000	-50,0	11,2	12,2	-50,0	0,0	0,0	0,0	0,950	0,000	5004,074	0,0	-50,0		02:54:35:680		
008:57:00,000	-50,0	11,2	12,2	-50,0	0,0	0,0	0,0	0,950	0,000	5003,565	0,0	-50,0		02:55:35:680		
008:58:00,000	-50,0	11,2	12,2	-50,0	0,0	0,0	0,0	0,950	0,000	5002,963	0,0	-50,0		02:56:35:680		
008:59:00,000	-50,0	11,1	12,2	-50,0	0,0	0,0	0,0	0,950	0,000	5003,670	0,0	-50,0		02:57:35:680		
009:00:00,000	-50,0	11,1	12,2	-50,0	0,0	0,0	0,0	0,950	0,000	5003,259	0,0	-50,0		02:58:35:680		
009:01:00,000	-50,0	11,2	12,2	-50,0	0,0	0,0	0,0	0,950	0,000	5003,324	0,0	-50,0		02:59:35:680		
009:02:00,000	-50,0	11,3	12,2	-50,0	0,0	0,0	0,0	0,950	0,000	5003,395	0,0	-50,0		03:00:35:680		
009:03:00,000	-50,0	11,4	12,2	-50,0	0,0	0,0	0,0	0,950	0,000	5003,769	0,0	-50,0		03:01:35:680		
009:04:00,000	-50,0	11,6	12,2	-50,0	0,0	0,0	0,0	0,950	0,000	5003,463	0,0	-50,0		03:02:35:680		
009:05:00,000	-50,0	11,7	12,3	-50,0	0,0	0,0	0,0	0,950	0,000	5003,231	0,0	-50,0		03:03:35:680		
009:06:00,000	-50,0	11,8	12,3	-50,0	0,0	0,0	0,0	0,950	0,000	5004,019	0,0	-50,0		03:04:35:680		
009:07:00,000	-50,0	11,8	12,4	-50,0	0,0	0,0	0,0	0,950	0,000	5003,991	0,0	-50,0		03:05:35:680		
009:08:00,000	-50,0	11,8	12,4	-50,0	0,0	0,0	0,0	0,950	0,000	5003,611	0,0	-50,0		03:06:35:680		
009:09:00,000	-50,0	11,8	12,4	-50,0	0,0	0,0	0,0	0,950	0,000	5003,852	0,0	-50,0		03:07:35:680		
009:10:00,000	-50,0	11,8	12,4	-50,0	0,0	0,0	0,0	0,950	0,000	5003,422	0,0	-50,0		03:08:35:680		
009:11:00,000	-50,0	11,9	12,5	-50,0	0,0	0,0	0,0	0,950	0,000	5004,528	0,0	-50,0		03:09:35:680		
009:12:00,000	-50,0	11,9	12,5	-50,0	0,0	0,0	0,0	0,950	0,000	5003,667	0,0	-50,0		03:10:35:680		
009:13:00,000	-50,0	11,8	12,5	-50,0	0,0	0,0	0,0	0,950	0,000	5004,000	0,0	-50,0		03:11:35:680		
009:14:00,000	-50,0	11,8	12,5	-50,0	0,0	0,0	0,0	0,950	0,000	5004,385	0,0	-50,0		03:12:35:680		
009:15:00,000	-50,0	11,8	12,5	-50,0	0,0	0,0	0,0	0,950	0,000	5003,769	0,0	-50,0		03:13:35:680		
009:16:00,000	-50,0	11,6	12,5	-50,0	0,0	0,0	0,0	0,950	0,000	5003,046	0,0	-50,0		03:14:35:680		
009:17:00,000	-50,0	11,4	12,5	-50,0	0,0	0,0	0,0	0,950	0,000	5004,037	0,0	-50,0		03:15:35:680		
009:18:00,000	-50,0	11,3	12,5	-50,0	0,0	0,0	0,0	0,950	0,000	5003,139	0,0	-50,0		03:16:35:680		
009:19:00,000	-50,0	11,1	12,3	-50,0	0,0	0,0	0,0	0,950	0,000	5003,306	0,0	-50,0		03:17:35:680		
009:20:00,000	-50,0	11,0	12,2	-50,0	0,0	0,0	0,0	0,950	0,000	5003,231	0,0	-50,0		03:18:35:680		
009:21:00,000	-50,0	10,9	12,0	-50,0	0,0	0,0	0,0	0,950	0,000	5002,927	0,0	-50,0		03:19:35:680		
009:22:00,000	-50,0	10,7	11,9	-50,0	0,0	0,0	0,0	0,950	0,000	5002,426	0,0	-50,0		03:20:35:680		
009:23:00,000	-50,0	10,5	11,7	-50,0	0,0	0,0	0,0	0,950	0,000	5001,815	0,0	-50,0		03:21:35:680		
009:24:00,000	-50,0	10,3	11,5	-50,0	0,0	0,0	0,0	0,950	0,000	5002,731	0,0	-50,0		03:22:35:680		
009:25:00,000	-50,0	10,1	11,3	-50,0	0,0	0,0	0,0	0,950	0,000	5001,284	0,0	-50,0		03:23:35:680		
009:26:00,000	-50,0	9,9	11,2	-50,0	0,0	0,0	0,0	0,950	0,000	5003,000	0,0	-50,0		03:24:35:680		
009:27:00,000	-50,0	9,8	11,1	-50,0	0,0	0,0	0,0	0,950	0,000	5001,926	0,0	-50,0		03:25:35:680		
009:28:00,000	-50,0	9,8	11,0	-50,0	0,0	0,0	0,0	0,950	0,000	5001,872	0,0	-50,0		03:26:35:680		
009:29:00,000	-50,0	9,8	11,0	-50,0	0,0	0,0	0,0	0,950	0,000	5001,824	0,0	-50,0		03:27:35:680		
009:30:00,000	-50,0	9,7	10,9	-50,0	0,0	0,0	0,0	0,950	0,000	5001,926	0,0	-50,0		03:28:35:680		
009:31:00,000	-50,0	9,6	10,9	-50,0	0,0	0,0	0,0	0,950	0,000	5001,556	0,0	-50,0		03:29:35:680		
009:32:00,000	-50,0	9,6	10,8	-50,0	0,0	0,0	0,0	0,950	0,000	5001,194	0,0	-50,0		03:30:35:680		
009:33:00,000	-50,0	9,4	10,7	-50,0	0,0	0,0	0,0	0,950	0,000	5001,633	0,0	-50,0		03:31:35:680		
009:34:00,000	-50,0	9,3	10,6	-50,0	0,0	0,0	0,0	0,950	0,000	5001,083	0,0	-50,0		03:32:35:680		
009:35:00,000	-50,0	9,2	10,5	-50,0	0,0	0,0	0,0	0,950	0,000	5005,121	0,0	-50,0		03:33:35:680		
009:36:00,000	-50,0	9,1	10,5	-50,0	0,0	0,0	0,0	0,950	0,000	5000,898	0,0	-50,0		03:34:35:680		
009:37:00,000	-50,0	9,1	10,4	-50,0	0,0	0,0	0,0	0,950	0,000	5001,361	0,0	-50,0		03:35:35:680		
009:38:00,000	-50,0	9,0	10,4	-50,0	0,0	0,0	0,0	0,950	0,000	5001,667	0,0	-50,0		03:36:35:680		
009:39:00,000	-50,0	9,0	10,4	-50,0	0,0	0,0	0,0	0,950	0,000	5001,248	0,0	-50,0		03:37:35:680		
009:40:00,000	-50,0	9,0	10,3	-50,0	0,0	0,0	0,0	0,950	0,000	5000,926	0,0	-50,0		03:38:35:680		
009:41:00,000	-50,0	9,0	10,3	-50,0	0,0	0,0	0,0	0,950	0,000	5000,379	0,0	-50,0		03:39:35:680		
009:42:00,000	-50,0	9,0	10,3	-50,0	0,0	0,0	0,0	0,950	0,000	5000,853	0,0	-50,0		03:40:35:680		
009:43:00,000	-50,0	9,0	10,3	-50,0	0,0	0,0	0,0	0,950	0,000	5000,583	0,0	-50,0		03:41:35:680		
009:44:00,000	-50,0	8,9	10,3	-50,0	0,0	0,0	0,0	0,950	0,000	5000,954	0,0	-50,0		03:42:35:680		
009:45:00,000	-50,0	8,9	10,3	-50,0	0,0	0,0	0,0	0,950	0,000	4999,889	0,0	-50,0		03:43:35:680		
009:46:00,000	-50,0	8,9	10,2	-50,0	0,0	0,0	0,0	0,950	0,000	5000,450	0,0	-50,0		03:44:35:680		
009:47:00,000	-50,0	8,9	10,2	-50,0	0,0	0,0	0,0	0,950	0,000	5000,769	0,0	-50,0		03:45:35:680		
009:48:00,000	-50,0	8,9	10,2	-50,0	0,0	0,0	0,0	0,950	0,000	5000,787	0,0	-50,0		03:46:35:680		
009:49:00,000	-50,0	8,8	10,1	-50,0	0,0	0,0	0,0	0,950	0,000	5000,204	0,0	-50,0		03:47:35:680		
009:50:00,000	-50,0	8,8	10,1	-50,0	0,0	0,0	0,0	0,950	0,000	5000,560	0,0	-50,0		03:48:35:680		
009:51:00,000	-50,0	8,8	10,1	-50,0	0,0	0,0	0,0	0,950	0,000	5001,269	0,0	-50,0		03:49:35:680		
009:52:00,000	-50,0	8,8	10,1	-50,0	0,0	0,0	0,0	0,950	0,000	5000,583	0,0	-50,0		03:50:35:680		
009:53:00,000	-50,0	8,8	10,1	-50,0	0,0	0,0	0,0	0,950	0,000	5000,881	0,0	-50,0		03:51:35:680		
009:54:00,000	-50,0	8,8	10,1	-50,0	0,0	0,0	0,0	0,950	0,000	5000,667	0,0	-50,0		03:52:35:680		
009:55:00,000	-50,0	8,8	10,1	-50,0	0,0	0,0	0,0	0,950	0,000	4999,935	0,0	-50,0		03:53:35:680		
009:56:00,000	-50,0	8,8	10,1	-50,0	0,0	0,0	0,0	0,950	0,000	5001,213	0,0	-50,0		03:54:35:680		
009:57:00,000	-50,0	8,8	10,1	-50,0	0,0	0,0	0,0	0,950	0,000	4999,981	0,0	-50,0		03:55:35:680		
009:58:00,000	-50,0	8,8	10,1	-50,0	0,0	0,0	0,0	0,950	0,000	5000,269	0,0	-50,0		03:56:35:680		
009:59:00,000	-50,0	8,7	10,1	-50,0	0,0	0,0	0,0	0,950	0,000	4999,537	0,0	-50,0		03:57:35:680		
010:00:00,000	-50,0	8,7	10,0	-50,0	0,0	0,0	0,0	0,950	0,000	4999,278	0,0	-50,0		03:58:35:680		
010:01:00,000	-50,0	8,7	10,0	-50,0	0,0	0,0	0,0	0,950	0,000	4999,741	0,0	-50,0		03:59:35:680		
010:02:00,000	-50,0	8,7	10,0	-50,0	0,0	0,0	0,0	0,950	0,000	4999,639	0,0	-50,0		04:00:35:680		
010:03:00,000	-50,0	8,7	10,0	-50,0	0,0	0,0	0,0	0,950	0,000	5000,119	0,0	-50,0		04:01:35:680		
010:04:00,000	-50,0	8,7	10,0	-50,0	0,0	0,0	0,0	0,950	0,000	5000,121	0,0	-50,0		04:02:35:680		
010:05:00,000	-50,0	8,6	10,0	-50,0	0,0	0,0	0,0	0,950	0,000	5000,593	0,0	-50,0		04:03:35:680		
010:06:00,000	-50,0	8,6	10,0	-50,0	0,0	0,0	0,0	0,950	0,000	5001,633	0,0	-50,0		04:04:35:680		
010:07:00,000	-50,0	8,6	10,0	-50,0	0,0	0,0	0,0	0,950	0,000	5000,111	0,0	-50,0		04:05:35:680		
010:08:00,000	-50,0	8,6	9,9	-50,0	0,0	0,0	0,0	0,950	0,000	5000,519	0,0	-50,0		04:06:35:680		
010:09:00,000	-50,0	8,6	9,9	-50,0	0,0	0,0	0,0	0,950	0,000	4999,440	0,0	-50,0		04:07:35:680		
010:10:00,000	-50,0	8,6	9,9	-50,0	0,0	0,0	0,0	0,950	0,000	4999,824	0,0	-50,0		04:08:35:680		
010:11:00,000	-50,0	8,5	9,9	-50,0	0,0	0,0	0,0	0,950	0,000	5003,879	0,0	-50,0		04:09:35:680		
010:12:00,000	-50,0	8,5	9,9	-50,0	0,0	0,0	0,0	0,950	0,000	4998,981	0,0	-50,0		04:10:35:680		
010:13:00,000	-50,0	8,5	9,9	-50,0	0,0	0,0	0,0	0,950	0,000	4999,231	0,0	-50,0		04:11:35:680		
010:14:00,000	-50,0	8,5	9,8	-50,0	0,0	0,0	0,0	0,950	0,000	5000,102	0,0	-50,0		04:12:35:680		
010:15:00,000	-50,0	8,4	9,8	-50,0	0,0	0,0	0,0	0,950	0,000	5001,379	0,0	-50,0		04:13:35:680		
010:16:00,000	-50,0	8,4	9,8	-50,0	0,0	0,0	0,0	0,950	0,000	5000,231	0,0	-50,0		04:14:35:680		
010:17:00,000	-50,0	8,4	9,8	-50,0	0,0	0,0	0,0	0,950	0,000	5000,185	0,0	-50,0		04:15:35:680		
010:18:00,000	-50,0	8,4	9,8	-50,0	0,0	0,0	0,0	0,950	0,000	5000,639	0,0	-50,0		04:16:35:680		
010:19:00,000	-50,0	8,4	9,8	-50,0	0,0	0,0	0,0	0,950	0,000	5000,722	0,0	-50,0		04:17:35:680		
010:20:00,000	-50,0	8,4	9,8	-50,0	0,0	0,0	0,0	0,950	0,000	5000,417	0,0	-50,0		04:18:35:680		
010:21:00,000	-50,0	8,4	9,8	-50,0	0,0	0,0	0,0	0,950	0,000	5000,889	0,0	-50,0		04:19:35:680		
010:22:00,000	-50,0	8,4	9,8	-50,0	0,0	0,0	0,0	0,950	0,000	4999,789	0,0	-50,0		04:20:35:680		
010:23:00,000	-50,0	8,4	9,8	-50,0	0,0	0,0	0,0	0,950	0,000	4999,889	0,0	-50,0		04:21:35:680		
010:24:00,000	-50,0	8,4	9,8	-50,0	0,0	0,0	0,0	0,950	0,000	4999,491	0,0	-50,0		04:22:35:680		
010:25:00,000	-50,0	8,4	9,8	-50,0	0,0	0,0	0,0	0,950	0,000	4999,621	0,0	-50,0		04:23:35:680		
010:26:00,000	-50,0	8,4	9,8	-50,0	0,0	0,0	0,0	0,950	0,000	5000,615	0,0	-50,0		04:24:35:680		
010:27:00,000	-50,0	8,4	9,8	-50,0	0,0	0,0	0,0	0,950	0,000	5000,343	0,0	-50,0		04:25:35:680		
010:28:00,000	-50,0	8,4	9,8	-50,0	0,0	0,0	0,0	0,950	0,000	4999,991	0,0	-50,0		04:26:35:680		
010:29:00,000	-50,0	8,5	9,8	-50,0	0,0	0,0	0,0	0,950	0,000	4999,259	0,0	-50,0		04:27:35:680		
010:30:00,000	-50,0	8,5	9,8	-50,0	0,0	0,0	0,0	0,950	0,000	4999,981	0,0	-50,0		04:28:35:680		
010:31:00,000	-50,0	8,5	9,8	-50,0	0,0	0,0	0,0	0,950	0,000	4999,639	0,0	-50,0		04:29:35:680		
010:32:00,000	-50,0	8,5	9,8	-50,0	0,0	0,0	0,0	0,950	0,000	4999,565	0,0	-50,0		04:30:35:680		
010:33:00,000	-50,0	8,5	9,8	-50,0	0,0	0,0	0,0	0,950	0,000	5001,523	0,0	-50,0		04:31:35:680		
010:34:00,000	-50,0	8,4	9,8	-50,0	0,0	0,0	0,0	0,950	0,000	4999,898	0,0	-50,0		04:32:35:680		
010:35:00,000	-50,0	8,4	9,8	-50,0	0,0	0,0	0,0	0,950	0,000	4999,722	0,0	-50,0		04:33:35:680		
010:36:00,000	-50,0	8,4	9,8	-50,0	0,0	0,0	0,0	0,950	0,000	5000,333	0,0	-50,0		04:34:35:680		
010:37:00,000	-50,0	8,4	9,7	-50,0	0,0	0,0	0,0	0,950	0,000	5001,138	0,0	-50,0		04:35:35:680		
010:38:00,000	-50,0	8,4	9,7	-50,0	0,0	0,0	0,0	0,950	0,000	5000,463	0,0	-50,0		04:36:35:680		
010:39:00,000	-50,0	8,4	9,7	-50,0	0,0	0,0	0,0	0,950	0,000	4999,824	0,0	-50,0		04:37:35:680		
010:40:00,000	-50,0	8,4	9,7	-50,0	0,0	0,0	0,0	0,950	0,000	5000,148	0,0	-50,0		04:38:35:680		
010:41:00,000	-50,0	8,3	9,7	-50,0	0,0	0,0	0,0	0,950	0,000	5000,046	0,0	-50,0		04:39:35:680		
010:42:00,000	-50,0	8,3	9,7	-50,0	0,0	0,0	0,0	0,950	0,000	4999,213	0,0	-50,0		04:40:35:680		
010:43:00,000	-50,0	8,3	9,7	-50,0	0,0	0,0	0,0	0,950	0,000	5006,504	0,0	-50,0		04:41:35:680		
010:44:00,000	-50,0	8,2	9,6	-50,0	0,0	0,0	0,0	0,950	0,000	5008,407	0,0	-50,0		04:42:35:680		
010:45:00,000	-50,0	8,2	9,6	-50,0	0,0	0,0	0,0	0,950	0,000	5010,438	0,0	-50,0		04:43:35:680		
010:46:00,000	-50,0	8,2	9,6	-50,0	0,0	0,0	0,0	0,950	0,000	5001,802	0,0	-50,0		04:44:35:680		
010:47:00,000	-50,0	8,1	9,6	-50,0	0,0	0,0	0,0	0,950	0,000	5003,928	0,0	-50,0		04:45:35:680		
010:48:00,000	-50,0	8,1	9,7	-50,0	0,0	0,0	0,0	0,950	0,000	5008,485	0,0	-50,0		04:46:35:680		
010:49:00,000	-50,0	8,1	9,7	-50,0	0,0	0,0	0,0	0,950	0,000	5004,771	0,0	-50,0		04:47:35:680		
010:50:00,000	-50,0	8,1	9,7	-50,0	0,0	0,0	0,0	0,950	0,000	5006,674	0,0	-50,0		04:48:35:680		
010:51:00,000	-50,0	8,1	9,6	-50,0	0,0	0,0	0,0	0,950	0,000	5005,958	0,0	-50,0		04:49:35:680		
010:52:00,000	-50,0	8,1	9,7	-50,0	0,0	0,0	0,0	0,950	0,000	5002,543	0,0	-50,0		04:50:35:680		
010:53:00,000	-50,0	8,1	9,6	-50,0	0,0	0,0	0,0	0,950	0,000	5002,317	0,0	-50,0		04:51:35:680		
010:54:00,000	-50,0	8,1	9,6	-50,0	0,0	0,0	0,0	0,950	0,000	5002,951	0,0	-50,0		04:52:35:680		
010:55:00,000	-50,0	8,1	9,6	-50,0	0,0	0,0	0,0	0,950	0,000	5003,673	0,0	-50,0		04:53:35:680		
010:56:00,000	-50,0	8,1	9,7	-50,0	0,0	0,0	0,0	0,950	0,000	5010,489	0,0	-50,0		04:54:35:680		
010:57:00,000	-50,0	8,1	9,7	-50,0	0,0	0,0	0,0	0,950	0,000	5010,236	0,0	-50,0		04:55:35:680		
---------------------------------
End of File
