[Connect DataFile][2.1]
Date:	20/04/2026
Time:	16:59:18
Unit:	°C
Resolution:	60,000/0,100
Values:	12
SnapshotTrigger:	0	0,0
MeasurementTrigger:	0	0,0
Time	TProc	TInt	TBox	TAvg	T_2C	T_1C	Attenuation	Eps.	Value	Vcc	TAmb	TAct	CompressionIdx	Time absolute	ImageIdx	ImageValue
000:00:00,000	-36,0	27,0	26,4	-36,0	0,0	0,0	0,0	0,950	0,000	5042,200	0,0	-35,8		16:59:18:736		
000:01:00,000	-36,7	27,3	26,8	-36,8	0,0	0,0	0,0	0,950	0,000	5043,589	0,0	-36,5		17:00:18:736		
000:02:00,000	-37,8	27,7	27,3	-37,9	0,0	0,0	0,0	0,950	0,000	5030,509	0,0	-37,6		17:01:18:736		
000:03:00,000	-39,2	27,8	27,7	-39,2	0,0	0,0	0,0	0,950	0,000	5028,202	0,0	-39,2		17:02:18:736		
000:04:00,000	-41,2	26,5	27,1	-41,1	0,0	0,0	0,0	0,950	0,000	5026,667	0,0	-41,1		17:03:18:736		
000:05:00,000	-40,0	25,8	26,3	-40,0	0,0	0,0	0,0	0,950	0,000	5024,147	0,0	-40,1		17:04:18:736		
000:06:00,000	-39,0	25,6	26,0	-39,0	0,0	0,0	0,0	0,950	0,000	5024,639	0,0	-38,9		17:05:18:736		
000:07:00,000	-39,0	25,5	26,0	-39,0	0,0	0,0	0,0	0,950	0,000	5022,852	0,0	-38,8		17:06:18:736		
000:08:00,000	-38,7	25,1	25,6	-38,7	0,0	0,0	0,0	0,950	0,000	5024,287	0,0	-38,6		17:07:18:736		
000:09:00,000	-38,2	25,1	25,5	-38,2	0,0	0,0	0,0	0,950	0,000	5022,229	0,0	-38,1		17:08:18:736		
000:10:00,000	-37,8	25,3	25,5	-37,8	0,0	0,0	0,0	0,950	0,000	5023,813	0,0	-37,7		17:09:18:736		
000:11:00,000	-37,4	25,3	25,5	-37,4	0,0	0,0	0,0	0,950	0,000	5023,404	0,0	-37,3		17:10:18:736		
000:12:00,000	-36,7	25,5	25,5	-36,7	0,0	0,0	0,0	0,950	0,000	5023,537	0,0	-36,7		17:11:18:736		
000:13:00,000	-37,0	25,7	25,5	-36,9	0,0	0,0	0,0	0,950	0,000	5024,009	0,0	-36,6		17:12:18:736		
000:14:00,000	-37,0	25,8	25,5	-37,0	0,0	0,0	0,0	0,950	0,000	5023,824	0,0	-37,0		17:13:18:736		
000:15:00,000	-37,3	26,2	25,8	-37,3	0,0	0,0	0,0	0,950	0,000	5023,064	0,0	-37,1		17:14:18:736		
000:16:00,000	-38,0	26,4	26,1	-38,0	0,0	0,0	0,0	0,950	0,000	5023,833	0,0	-37,9		17:15:18:736		
000:17:00,000	-37,4	26,1	26,2	-37,4	0,0	0,0	0,0	0,950	0,000	5023,435	0,0	-37,2		17:16:18:736		
000:18:00,000	-35,6	25,5	26,0	-35,6	0,0	0,0	0,0	0,950	0,000	5023,019	0,0	-35,4		17:17:18:736		
000:19:00,000	-34,9	25,0	25,5	-34,9	0,0	0,0	0,0	0,950	0,000	5022,853	0,0	-34,9		17:18:18:736		
000:20:00,000	-23,9	24,9	25,2	-23,9	0,0	0,0	0,0	0,950	0,000	5023,602	0,0	-23,9		17:19:18:736		
000:21:00,000	-17,2	24,7	25,1	-17,2	0,0	0,0	0,0	0,950	0,000	5021,963	0,0	-17,1		17:20:18:736		
000:22:00,000	-30,6	24,6	24,9	-30,6	0,0	0,0	0,0	0,950	0,000	5021,519	0,0	-30,3		17:21:18:736		
000:23:00,000	-35,8	24,8	24,9	-35,8	0,0	0,0	0,0	0,950	0,000	5023,184	0,0	-35,7		17:22:18:736		
000:24:00,000	-35,9	25,9	25,3	-35,9	0,0	0,0	0,0	0,950	0,000	5022,991	0,0	-35,6		17:23:18:736		
000:25:00,000	-34,7	27,0	26,3	-34,7	0,0	0,0	0,0	0,950	0,000	5024,694	0,0	-34,3		17:24:18:736		
000:26:00,000	-18,9	27,3	26,9	-18,9	0,0	0,0	0,0	0,950	0,000	5025,064	0,0	-18,7		17:25:18:736		
000:27:00,000	-10,8	26,8	26,9	-10,8	0,0	0,0	0,0	0,950	0,000	5024,093	0,0	-10,7		17:26:18:736		
000:28:00,000	-18,0	25,8	26,4	-18,0	0,0	0,0	0,0	0,950	0,000	5024,889	0,0	-17,9		17:27:18:736		
000:29:00,000	-24,1	25,2	25,8	-24,1	0,0	0,0	0,0	0,950	0,000	5023,349	0,0	-24,0		17:28:18:736		
000:30:00,000	-36,2	25,0	25,4	-36,2	0,0	0,0	0,0	0,950	0,000	5023,065	0,0	-36,3		17:29:18:736		
000:31:00,000	-37,0	25,7	25,5	-37,0	0,0	0,0	0,0	0,950	0,000	5022,954	0,0	-37,0		17:30:18:736		
000:32:00,000	-37,3	26,4	25,9	-37,3	0,0	0,0	0,0	0,950	0,000	5023,500	0,0	-37,3		17:31:18:736		
000:33:00,000	-37,2	26,5	26,2	-37,2	0,0	0,0	0,0	0,950	0,000	5023,844	0,0	-37,2		17:32:18:736		
000:34:00,000	-36,5	26,0	26,2	-36,5	0,0	0,0	0,0	0,950	0,000	5023,343	0,0	-36,5		17:33:18:736		
000:35:00,000	-37,2	25,6	26,0	-37,2	0,0	0,0	0,0	0,950	0,000	5023,509	0,0	-37,1		17:34:18:736		
000:36:00,000	-38,5	25,4	25,9	-38,5	0,0	0,0	0,0	0,950	0,000	5023,806	0,0	-38,4		17:35:18:736		
000:37:00,000	-37,3	24,9	25,5	-37,3	0,0	0,0	0,0	0,950	0,000	5022,676	0,0	-37,1		17:36:18:736		
000:38:00,000	-36,7	25,0	25,3	-36,7	0,0	0,0	0,0	0,950	0,000	5023,128	0,0	-36,4		17:37:18:736		
000:39:00,000	-37,1	25,5	25,3	-37,1	0,0	0,0	0,0	0,950	0,000	5023,194	0,0	-37,0		17:38:18:736		
000:40:00,000	-38,7	25,4	25,3	-38,6	0,0	0,0	0,0	0,950	0,000	5022,333	0,0	-38,5		17:39:18:736		
000:41:00,000	-38,7	25,1	25,3	-38,7	0,0	0,0	0,0	0,950	0,000	5022,707	0,0	-38,4		17:40:18:736		
000:42:00,000	-37,2	25,4	25,3	-37,2	0,0	0,0	0,0	0,950	0,000	5022,787	0,0	-37,0		17:41:18:736		
000:43:00,000	-37,6	25,5	25,3	-37,6	0,0	0,0	0,0	0,950	0,000	5022,944	0,0	-37,4		17:42:18:736		
000:44:00,000	-38,8	25,0	25,3	-38,8	0,0	0,0	0,0	0,950	0,000	5022,055	0,0	-38,6		17:43:18:736		
000:45:00,000	-39,0	25,1	25,3	-39,0	0,0	0,0	0,0	0,950	0,000	5021,879	0,0	-38,7		17:44:18:736		
000:46:00,000	-38,6	25,3	25,3	-38,6	0,0	0,0	0,0	0,950	0,000	5022,954	0,0	-38,1		17:45:18:736		
000:47:00,000	-38,0	25,5	25,3	-38,0	0,0	0,0	0,0	0,950	0,000	5022,761	0,0	-37,8		17:46:18:736		
000:48:00,000	-37,5	25,9	25,4	-37,5	0,0	0,0	0,0	0,950	0,000	5023,379	0,0	-37,3		17:47:18:736		
000:49:00,000	-36,0	26,2	25,8	-36,0	0,0	0,0	0,0	0,950	0,000	5023,972	0,0	-35,8		17:48:18:736		
000:50:00,000	-36,4	26,8	26,3	-36,4	0,0	0,0	0,0	0,950	0,000	5024,587	0,0	-36,2		17:49:18:736		
000:51:00,000	-37,2	27,2	26,7	-37,2	0,0	0,0	0,0	0,950	0,000	5024,731	0,0	-36,9		17:50:18:736		
000:52:00,000	-38,6	27,1	26,9	-38,6	0,0	0,0	0,0	0,950	0,000	5024,537	0,0	-38,4		17:51:18:736		
000:53:00,000	-38,3	26,6	26,9	-38,3	0,0	0,0	0,0	0,950	0,000	5023,685	0,0	-37,9		17:52:18:736		
000:54:00,000	-37,6	26,9	26,8	-37,6	0,0	0,0	0,0	0,950	0,000	5023,528	0,0	-37,5		17:53:18:736		
000:55:00,000	-38,6	26,8	26,8	-38,6	0,0	0,0	0,0	0,950	0,000	5024,771	0,0	-38,3		17:54:18:736		
000:56:00,000	-38,4	26,2	26,6	-38,4	0,0	0,0	0,0	0,950	0,000	5023,972	0,0	-38,2		17:55:18:736		
000:57:00,000	-37,6	26,4	26,6	-37,6	0,0	0,0	0,0	0,950	0,000	5023,722	0,0	-37,4		17:56:18:736		
000:58:00,000	-36,6	26,2	26,5	-36,6	0,0	0,0	0,0	0,950	0,000	5023,694	0,0	-36,5		17:57:18:736		
000:59:00,000	-37,2	26,3	26,4	-37,1	0,0	0,0	0,0	0,950	0,000	5023,908	0,0	-37,0		17:58:18:736		
001:00:00,000	-36,5	27,0	26,6	-36,5	0,0	0,0	0,0	0,950	0,000	5025,509	0,0	-36,3		17:59:18:736		
001:01:00,000	-36,2	27,5	27,1	-36,2	0,0	0,0	0,0	0,950	0,000	5024,981	0,0	-36,1		18:00:18:736		
001:02:00,000	-37,4	27,4	27,1	-37,3	0,0	0,0	0,0	0,950	0,000	5024,907	0,0	-37,4		18:01:18:736		
001:03:00,000	-39,9	26,9	27,1	-39,8	0,0	0,0	0,0	0,950	0,000	5025,981	0,0	-39,8		18:02:18:736		
001:04:00,000	-41,5	25,6	26,4	-41,5	0,0	0,0	0,0	0,950	0,000	5022,898	0,0	-41,3		18:03:18:736		
001:05:00,000	-41,4	24,7	25,5	-41,4	0,0	0,0	0,0	0,950	0,000	5023,816	0,0	-41,2		18:04:18:736		
001:06:00,000	-40,9	24,3	24,9	-40,9	0,0	0,0	0,0	0,950	0,000	5022,750	0,0	-40,6		18:05:18:736		
001:07:00,000	-40,4	24,0	24,6	-40,4	0,0	0,0	0,0	0,950	0,000	5020,676	0,0	-40,2		18:06:18:736		
001:08:00,000	-38,3	24,2	24,5	-38,3	0,0	0,0	0,0	0,950	0,000	5022,278	0,0	-37,9		18:07:18:736		
001:09:00,000	-38,3	24,5	24,5	-38,3	0,0	0,0	0,0	0,950	0,000	5021,743	0,0	-38,0		18:08:18:736		
001:10:00,000	-38,0	24,7	24,5	-38,0	0,0	0,0	0,0	0,950	0,000	5022,028	0,0	-37,7		18:09:18:736		
001:11:00,000	-39,2	24,4	24,5	-39,2	0,0	0,0	0,0	0,950	0,000	5022,407	0,0	-38,9		18:10:18:736		
001:12:00,000	-39,0	24,2	24,5	-38,9	0,0	0,0	0,0	0,950	0,000	5020,872	0,0	-38,7		18:11:18:736		
001:13:00,000	-36,7	24,5	24,5	-36,7	0,0	0,0	0,0	0,950	0,000	5022,111	0,0	-36,6		18:12:18:736		
001:14:00,000	-37,4	25,2	24,7	-37,4	0,0	0,0	0,0	0,950	0,000	5022,009	0,0	-37,4		18:13:18:736		
001:15:00,000	-38,2	25,8	25,3	-38,2	0,0	0,0	0,0	0,950	0,000	5023,194	0,0	-38,2		18:14:18:736		
001:16:00,000	-39,6	25,7	25,4	-39,6	0,0	0,0	0,0	0,950	0,000	5022,741	0,0	-39,6		18:15:18:736		
001:17:00,000	-38,6	26,0	25,6	-38,6	0,0	0,0	0,0	0,950	0,000	5023,667	0,0	-38,5		18:16:18:736		
001:18:00,000	-38,0	26,1	25,8	-38,0	0,0	0,0	0,0	0,950	0,000	5023,843	0,0	-37,6		18:17:18:736		
001:19:00,000	-38,0	25,8	25,8	-38,0	0,0	0,0	0,0	0,950	0,000	5022,787	0,0	-37,7		18:18:18:736		
001:20:00,000	-37,7	25,9	25,8	-37,6	0,0	0,0	0,0	0,950	0,000	5023,147	0,0	-37,4		18:19:18:736		
001:21:00,000	-37,5	25,7	25,8	-37,4	0,0	0,0	0,0	0,950	0,000	5022,833	0,0	-37,1		18:20:18:736		
001:22:00,000	-37,8	25,7	25,8	-37,8	0,0	0,0	0,0	0,950	0,000	5023,734	0,0	-37,6		18:21:18:736		
001:23:00,000	-37,3	26,3	26,0	-37,3	0,0	0,0	0,0	0,950	0,000	5024,000	0,0	-37,1		18:22:18:736		
001:24:00,000	-37,7	26,4	26,1	-37,7	0,0	0,0	0,0	0,950	0,000	5023,815	0,0	-37,6		18:23:18:736		
001:25:00,000	-37,5	26,4	26,1	-37,5	0,0	0,0	0,0	0,950	0,000	5023,935	0,0	-37,3		18:24:18:736		
001:26:00,000	-36,4	26,3	26,2	-36,4	0,0	0,0	0,0	0,950	0,000	5023,936	0,0	-36,5		18:25:18:736		
001:27:00,000	-36,0	25,9	26,2	-36,0	0,0	0,0	0,0	0,950	0,000	5023,889	0,0	-36,0		18:26:18:736		
001:28:00,000	-30,4	26,1	26,2	-30,4	0,0	0,0	0,0	0,950	0,000	5025,213	0,0	-30,2		18:27:18:736		
001:29:00,000	-18,7	25,9	26,2	-18,7	0,0	0,0	0,0	0,950	0,000	5023,486	0,0	-18,5		18:28:18:736		
001:30:00,000	-4,0	25,8	26,2	-4,0	0,0	0,0	0,0	0,950	0,000	5022,574	0,0	-4,0		18:29:18:736		
001:31:00,000	-4,2	25,9	26,2	-4,2	0,0	0,0	0,0	0,950	0,000	5022,523	0,0	-4,1		18:30:18:736		
001:32:00,000	6,4	26,0	26,2	6,4	0,0	0,0	0,0	0,950	0,000	5023,102	0,0	6,4		18:31:18:736		
001:33:00,000	8,7	25,9	26,2	8,7	0,0	0,0	0,0	0,950	0,000	5024,194	0,0	8,8		18:32:18:736		
001:34:00,000	10,4	25,6	26,0	10,4	0,0	0,0	0,0	0,950	0,000	5023,565	0,0	10,5		18:33:18:736		
001:35:00,000	10,0	25,7	26,0	10,0	0,0	0,0	0,0	0,950	0,000	5023,248	0,0	10,1		18:34:18:736		
001:36:00,000	8,8	25,7	26,0	8,8	0,0	0,0	0,0	0,950	0,000	5022,769	0,0	9,0		18:35:18:736		
001:37:00,000	7,9	25,6	26,0	7,9	0,0	0,0	0,0	0,950	0,000	5023,259	0,0	8,0		18:36:18:736		
001:38:00,000	6,7	25,4	25,8	6,7	0,0	0,0	0,0	0,950	0,000	5023,605	0,0	6,7		18:37:18:736		
001:39:00,000	0,1	25,2	25,6	0,1	0,0	0,0	0,0	0,950	0,000	5022,426	0,0	0,2		18:38:18:736		
001:40:00,000	-27,3	25,2	25,6	-27,3	0,0	0,0	0,0	0,950	0,000	5022,833	0,0	-27,0		18:39:18:736		
001:41:00,000	-37,0	25,4	25,6	-37,0	0,0	0,0	0,0	0,950	0,000	5023,605	0,0	-36,9		18:40:18:736		
001:42:00,000	-36,8	25,7	25,6	-36,8	0,0	0,0	0,0	0,950	0,000	5022,926	0,0	-36,7		18:41:18:736		
001:43:00,000	-37,1	26,2	25,8	-37,1	0,0	0,0	0,0	0,950	0,000	5022,500	0,0	-36,6		18:42:18:736		
001:44:00,000	-37,9	26,4	26,1	-37,8	0,0	0,0	0,0	0,950	0,000	5025,321	0,0	-37,6		18:43:18:736		
001:45:00,000	-37,9	26,6	26,3	-37,9	0,0	0,0	0,0	0,950	0,000	5024,093	0,0	-37,5		18:44:18:736		
001:46:00,000	-37,1	26,9	26,6	-37,1	0,0	0,0	0,0	0,950	0,000	5025,037	0,0	-36,9		18:45:18:736		
001:47:00,000	-38,3	27,0	26,8	-38,3	0,0	0,0	0,0	0,950	0,000	5024,468	0,0	-37,8		18:46:18:736		
001:48:00,000	-38,7	26,7	26,8	-38,6	0,0	0,0	0,0	0,950	0,000	5024,806	0,0	-38,4		18:47:18:736		
001:49:00,000	-39,1	26,4	26,7	-39,2	0,0	0,0	0,0	0,950	0,000	5023,602	0,0	-38,8		18:48:18:736		
001:50:00,000	-38,7	26,3	26,6	-38,7	0,0	0,0	0,0	0,950	0,000	5024,046	0,0	-38,5		18:49:18:736		
001:51:00,000	-39,3	25,6	26,2	-39,3	0,0	0,0	0,0	0,950	0,000	5022,973	0,0	-39,0		18:50:18:736		
001:52:00,000	-39,2	25,3	25,8	-39,2	0,0	0,0	0,0	0,950	0,000	5022,796	0,0	-39,0		18:51:18:736		
001:53:00,000	-39,8	24,7	25,4	-39,8	0,0	0,0	0,0	0,950	0,000	5022,843	0,0	-39,5		18:52:18:736		
001:54:00,000	-39,7	24,2	24,8	-39,7	0,0	0,0	0,0	0,950	0,000	5021,862	0,0	-39,6		18:53:18:736		
001:55:00,000	-39,2	23,8	24,4	-39,1	0,0	0,0	0,0	0,950	0,000	5022,324	0,0	-39,0		18:54:18:736		
001:56:00,000	-38,4	24,1	24,3	-38,4	0,0	0,0	0,0	0,950	0,000	5021,404	0,0	-38,2		18:55:18:736		
001:57:00,000	-38,9	24,1	24,3	-38,9	0,0	0,0	0,0	0,950	0,000	5020,889	0,0	-38,7		18:56:18:736		
001:58:00,000	-39,7	23,7	24,3	-39,7	0,0	0,0	0,0	0,950	0,000	5021,972	0,0	-39,5		18:57:18:736		
001:59:00,000	-39,7	23,5	24,1	-39,6	0,0	0,0	0,0	0,950	0,000	5021,769	0,0	-39,5		18:58:18:736		
002:00:00,000	-39,3	23,7	24,1	-39,3	0,0	0,0	0,0	0,950	0,000	5021,110	0,0	-39,2		18:59:18:736		
002:01:00,000	-39,7	23,8	24,1	-39,7	0,0	0,0	0,0	0,950	0,000	5021,278	0,0	-39,5		19:00:18:736		
002:02:00,000	-39,5	23,8	24,1	-39,5	0,0	0,0	0,0	0,950	0,000	5021,472	0,0	-39,4		19:01:18:736		
002:03:00,000	-39,8	23,8	24,1	-39,8	0,0	0,0	0,0	0,950	0,000	5021,761	0,0	-39,5		19:02:18:736		
002:04:00,000	-39,1	23,8	24,1	-39,0	0,0	0,0	0,0	0,950	0,000	5021,121	0,0	-38,6		19:03:18:736		
002:05:00,000	-38,1	24,0	24,1	-38,1	0,0	0,0	0,0	0,950	0,000	5020,093	0,0	-37,9		19:04:18:736		
002:06:00,000	-37,4	24,3	24,1	-37,4	0,0	0,0	0,0	0,950	0,000	5021,731	0,0	-37,0		19:05:18:736		
002:07:00,000	-37,4	24,7	24,4	-37,4	0,0	0,0	0,0	0,950	0,000	5021,596	0,0	-37,2		19:06:18:736		
002:08:00,000	-38,1	24,7	24,5	-38,1	0,0	0,0	0,0	0,950	0,000	5022,019	0,0	-37,9		19:07:18:736		
002:09:00,000	-38,4	24,5	24,5	-38,4	0,0	0,0	0,0	0,950	0,000	5020,759	0,0	-38,3		19:08:18:736		
002:10:00,000	-38,6	24,5	24,5	-38,6	0,0	0,0	0,0	0,950	0,000	5021,750	0,0	-38,4		19:09:18:736		
002:11:00,000	-37,9	24,6	24,5	-37,9	0,0	0,0	0,0	0,950	0,000	5022,398	0,0	-37,8		19:10:18:736		
002:12:00,000	-36,8	24,6	24,5	-36,8	0,0	0,0	0,0	0,950	0,000	5021,899	0,0	-36,7		19:11:18:736		
002:13:00,000	-38,7	24,4	24,5	-38,7	0,0	0,0	0,0	0,950	0,000	5021,472	0,0	-38,5		19:12:18:736		
002:14:00,000	-39,4	24,0	24,5	-39,4	0,0	0,0	0,0	0,950	0,000	5020,935	0,0	-39,1		19:13:18:736		
002:15:00,000	-38,5	23,8	24,4	-38,5	0,0	0,0	0,0	0,950	0,000	5020,816	0,0	-38,2		19:14:18:736		
002:16:00,000	-38,1	23,9	24,4	-38,1	0,0	0,0	0,0	0,950	0,000	5020,722	0,0	-38,0		19:15:18:736		
002:17:00,000	-39,1	23,6	24,2	-39,0	0,0	0,0	0,0	0,950	0,000	5020,389	0,0	-38,8		19:16:18:736		
002:18:00,000	-39,3	23,3	23,9	-39,3	0,0	0,0	0,0	0,950	0,000	5021,542	0,0	-39,1		19:17:18:736		
002:19:00,000	-39,0	23,3	23,8	-39,0	0,0	0,0	0,0	0,950	0,000	5020,611	0,0	-38,7		19:18:18:736		
002:20:00,000	-39,3	23,3	23,8	-39,3	0,0	0,0	0,0	0,950	0,000	5019,972	0,0	-39,2		19:19:18:736		
002:21:00,000	-39,4	23,2	23,7	-39,4	0,0	0,0	0,0	0,950	0,000	5019,835	0,0	-39,2		19:20:18:736		
002:22:00,000	-39,1	23,3	23,7	-39,1	0,0	0,0	0,0	0,950	0,000	5021,121	0,0	-39,0		19:21:18:736		
002:23:00,000	-38,6	23,6	23,7	-38,6	0,0	0,0	0,0	0,950	0,000	5020,685	0,0	-38,4		19:22:18:736		
002:24:00,000	-37,9	23,6	23,7	-37,9	0,0	0,0	0,0	0,950	0,000	5020,523	0,0	-37,7		19:23:18:736		
002:25:00,000	-37,6	23,3	23,7	-37,6	0,0	0,0	0,0	0,950	0,000	5020,435	0,0	-37,4		19:24:18:736		
002:26:00,000	-37,4	22,7	23,4	-37,4	0,0	0,0	0,0	0,950	0,000	5019,843	0,0	-37,1		19:25:18:736		
002:27:00,000	-37,4	22,4	23,1	-37,4	0,0	0,0	0,0	0,950	0,000	5019,621	0,0	-37,3		19:26:18:736		
002:28:00,000	-37,6	22,0	22,8	-37,6	0,0	0,0	0,0	0,950	0,000	5019,973	0,0	-37,5		19:27:18:736		
002:29:00,000	-37,4	22,0	22,6	-37,4	0,0	0,0	0,0	0,950	0,000	5019,129	0,0	-37,3		19:28:18:736		
002:30:00,000	-37,3	21,9	22,6	-37,3	0,0	0,0	0,0	0,950	0,000	5019,278	0,0	-37,2		19:29:18:736		
002:31:00,000	-37,2	21,9	22,5	-37,2	0,0	0,0	0,0	0,950	0,000	5019,101	0,0	-36,9		19:30:18:736		
002:32:00,000	-34,7	21,8	22,4	-34,7	0,0	0,0	0,0	0,950	0,000	5018,574	0,0	-34,5		19:31:18:736		
002:33:00,000	-29,3	21,7	22,4	-29,3	0,0	0,0	0,0	0,950	0,000	5018,306	0,0	-29,1		19:32:18:736		
002:34:00,000	-36,8	21,5	22,3	-36,8	0,0	0,0	0,0	0,950	0,000	5018,725	0,0	-36,5		19:33:18:736		
002:35:00,000	-36,7	21,5	22,2	-36,7	0,0	0,0	0,0	0,950	0,000	5018,704	0,0	-36,5		19:34:18:736		
002:36:00,000	-36,6	21,5	22,2	-36,5	0,0	0,0	0,0	0,950	0,000	5018,556	0,0	-36,5		19:35:18:736		
002:37:00,000	-36,3	21,4	22,2	-36,3	0,0	0,0	0,0	0,950	0,000	5018,578	0,0	-36,0		19:36:18:736		
002:38:00,000	-35,7	21,4	22,2	-35,7	0,0	0,0	0,0	0,950	0,000	5019,704	0,0	-35,7		19:37:18:736		
002:39:00,000	-35,9	21,3	22,1	-35,9	0,0	0,0	0,0	0,950	0,000	5019,602	0,0	-35,6		19:38:18:736		
002:40:00,000	-36,0	21,3	22,1	-36,0	0,0	0,0	0,0	0,950	0,000	5018,417	0,0	-35,7		19:39:18:736		
002:41:00,000	-35,8	21,4	22,1	-35,8	0,0	0,0	0,0	0,950	0,000	5019,194	0,0	-35,5		19:40:18:736		
002:42:00,000	-36,0	21,3	22,0	-36,0	0,0	0,0	0,0	0,950	0,000	5018,458	0,0	-35,9		19:41:18:736		
002:43:00,000	-36,5	21,0	21,9	-36,5	0,0	0,0	0,0	0,950	0,000	5018,926	0,0	-36,3		19:42:18:736		
002:44:00,000	-36,3	20,8	21,6	-36,3	0,0	0,0	0,0	0,950	0,000	5016,963	0,0	-36,2		19:43:18:736		
002:45:00,000	-36,5	20,6	21,4	-36,5	0,0	0,0	0,0	0,950	0,000	5017,491	0,0	-36,4		19:44:18:736		
002:46:00,000	-36,0	20,6	21,4	-35,9	0,0	0,0	0,0	0,950	0,000	5018,389	0,0	-35,7		19:45:18:736		
002:47:00,000	-36,3	20,6	21,4	-36,3	0,0	0,0	0,0	0,950	0,000	5017,611	0,0	-36,2		19:46:18:736		
002:48:00,000	-36,0	20,5	21,3	-36,0	0,0	0,0	0,0	0,950	0,000	5018,358	0,0	-35,8		19:47:18:736		
002:49:00,000	-37,0	20,5	21,3	-37,0	0,0	0,0	0,0	0,950	0,000	5017,528	0,0	-36,7		19:48:18:736		
002:50:00,000	-37,0	20,5	21,3	-37,0	0,0	0,0	0,0	0,950	0,000	5017,454	0,0	-36,7		19:49:18:736		
002:51:00,000	-36,8	20,4	21,2	-36,8	0,0	0,0	0,0	0,950	0,000	5016,981	0,0	-36,6		19:50:18:736		
002:52:00,000	-37,4	20,4	21,2	-37,4	0,0	0,0	0,0	0,950	0,000	5017,602	0,0	-37,3		19:51:18:736		
002:53:00,000	-37,8	20,5	21,2	-37,8	0,0	0,0	0,0	0,950	0,000	5018,222	0,0	-37,5		19:52:18:736		
002:54:00,000	-38,0	20,4	21,2	-38,0	0,0	0,0	0,0	0,950	0,000	5017,798	0,0	-37,8		19:53:18:736		
002:55:00,000	-38,0	20,4	21,2	-38,0	0,0	0,0	0,0	0,950	0,000	5017,657	0,0	-37,9		19:54:18:736		
002:56:00,000	-38,0	20,2	21,1	-38,0	0,0	0,0	0,0	0,950	0,000	5017,741	0,0	-37,8		19:55:18:736		
002:57:00,000	-37,8	20,1	21,0	-37,8	0,0	0,0	0,0	0,950	0,000	5016,787	0,0	-37,6		19:56:18:736		
002:58:00,000	-37,5	20,0	20,9	-37,5	0,0	0,0	0,0	0,950	0,000	5017,694	0,0	-37,5		19:57:18:736		
002:59:00,000	-37,5	20,0	20,8	-37,5	0,0	0,0	0,0	0,950	0,000	5016,743	0,0	-37,2		19:58:18:736		
003:00:00,000	-37,5	19,9	20,7	-37,5	0,0	0,0	0,0	0,950	0,000	5016,121	0,0	-37,2		19:59:18:736		
003:01:00,000	-38,2	19,8	20,7	-38,2	0,0	0,0	0,0	0,950	0,000	5020,670	0,0	-38,1		20:00:18:736		
003:02:00,000	-38,1	19,7	20,6	-38,1	0,0	0,0	0,0	0,950	0,000	5022,537	0,0	-37,7		20:01:18:736		
003:03:00,000	-37,7	19,6	20,5	-37,7	0,0	0,0	0,0	0,950	0,000	5021,852	0,0	-37,4		20:02:18:736		
003:04:00,000	-37,8	19,5	20,4	-37,8	0,0	0,0	0,0	0,950	0,000	5017,101	0,0	-37,5		20:03:18:736		
003:05:00,000	-38,0	19,4	20,3	-38,0	0,0	0,0	0,0	0,950	0,000	5017,546	0,0	-37,7		20:04:18:736		
003:06:00,000	-37,9	19,4	20,3	-37,9	0,0	0,0	0,0	0,950	0,000	5015,750	0,0	-37,9		20:05:18:736		
003:07:00,000	-37,7	19,4	20,3	-37,7	0,0	0,0	0,0	0,950	0,000	5016,532	0,0	-37,5		20:06:18:736		
003:08:00,000	-37,9	19,3	20,3	-37,9	0,0	0,0	0,0	0,950	0,000	5017,139	0,0	-37,8		20:07:18:736		
003:09:00,000	-38,5	19,2	20,1	-38,5	0,0	0,0	0,0	0,950	0,000	5017,064	0,0	-38,4		20:08:18:736		
003:10:00,000	-38,5	19,2	20,1	-38,5	0,0	0,0	0,0	0,950	0,000	5016,333	0,0	-38,2		20:09:18:736		
003:11:00,000	-38,8	19,2	20,1	-38,8	0,0	0,0	0,0	0,950	0,000	5016,546	0,0	-38,6		20:10:18:736		
003:12:00,000	-39,1	19,2	20,1	-39,1	0,0	0,0	0,0	0,950	0,000	5015,861	0,0	-38,9		20:11:18:736		
003:13:00,000	-39,3	19,2	20,1	-39,3	0,0	0,0	0,0	0,950	0,000	5016,193	0,0	-38,9		20:12:18:736		
003:14:00,000	-39,3	19,0	20,0	-39,3	0,0	0,0	0,0	0,950	0,000	5016,009	0,0	-39,3		20:13:18:736		
003:15:00,000	-39,4	19,0	19,9	-39,4	0,0	0,0	0,0	0,950	0,000	5016,704	0,0	-39,4		20:14:18:736		
003:16:00,000	-39,4	19,0	19,9	-39,4	0,0	0,0	0,0	0,950	0,000	5015,981	0,0	-39,2		20:15:18:736		
003:17:00,000	-39,6	18,9	19,9	-39,6	0,0	0,0	0,0	0,950	0,000	5015,963	0,0	-39,5		20:16:18:736		
003:18:00,000	-39,5	18,9	19,8	-39,5	0,0	0,0	0,0	0,950	0,000	5016,250	0,0	-39,3		20:17:18:736		
003:19:00,000	-39,7	18,8	19,8	-39,6	0,0	0,0	0,0	0,950	0,000	5015,898	0,0	-39,4		20:18:18:736		
003:20:00,000	-39,6	18,8	19,8	-39,6	0,0	0,0	0,0	0,950	0,000	5015,907	0,0	-39,5		20:19:18:736		
003:21:00,000	-39,6	18,8	19,8	-39,6	0,0	0,0	0,0	0,950	0,000	5015,879	0,0	-39,4		20:20:18:736		
003:22:00,000	-39,6	18,8	19,8	-39,6	0,0	0,0	0,0	0,950	0,000	5016,330	0,0	-39,4		20:21:18:736		
003:23:00,000	-39,4	18,8	19,7	-39,4	0,0	0,0	0,0	0,950	0,000	5016,111	0,0	-39,2		20:22:18:736		
003:24:00,000	-39,1	18,7	19,6	-39,1	0,0	0,0	0,0	0,950	0,000	5015,574	0,0	-39,1		20:23:18:736		
003:25:00,000	-39,1	18,6	19,6	-39,0	0,0	0,0	0,0	0,950	0,000	5016,019	0,0	-38,8		20:24:18:736		
003:26:00,000	-38,8	18,6	19,5	-38,8	0,0	0,0	0,0	0,950	0,000	5015,679	0,0	-38,7		20:25:18:736		
003:27:00,000	-38,8	18,5	19,5	-38,8	0,0	0,0	0,0	0,950	0,000	5015,565	0,0	-38,6		20:26:18:736		
003:28:00,000	-38,7	18,5	19,5	-38,7	0,0	0,0	0,0	0,950	0,000	5016,157	0,0	-38,4		20:27:18:736		
003:29:00,000	-38,9	18,5	19,5	-38,9	0,0	0,0	0,0	0,950	0,000	5015,239	0,0	-38,6		20:28:18:736		
003:30:00,000	-38,9	18,5	19,5	-38,9	0,0	0,0	0,0	0,950	0,000	5015,759	0,0	-38,6		20:29:18:736		
003:31:00,000	-38,9	18,5	19,4	-38,9	0,0	0,0	0,0	0,950	0,000	5015,881	0,0	-38,8		20:30:18:736		
003:32:00,000	-39,1	18,5	19,4	-39,1	0,0	0,0	0,0	0,950	0,000	5016,000	0,0	-38,9		20:31:18:736		
003:33:00,000	-39,2	18,5	19,4	-39,2	0,0	0,0	0,0	0,950	0,000	5015,259	0,0	-39,1		20:32:18:736		
003:34:00,000	-39,5	18,4	19,4	-39,4	0,0	0,0	0,0	0,950	0,000	5015,898	0,0	-39,1		20:33:18:736		
003:35:00,000	-39,5	18,4	19,3	-39,5	0,0	0,0	0,0	0,950	0,000	5015,587	0,0	-39,4		20:34:18:736		
003:36:00,000	-39,7	18,3	19,3	-39,7	0,0	0,0	0,0	0,950	0,000	5014,639	0,0	-39,5		20:35:18:736		
003:37:00,000	-39,7	18,3	19,3	-39,7	0,0	0,0	0,0	0,950	0,000	5015,241	0,0	-39,5		20:36:18:736		
003:38:00,000	-39,7	18,3	19,3	-39,7	0,0	0,0	0,0	0,950	0,000	5015,927	0,0	-39,4		20:37:18:736		
003:39:00,000	-39,4	18,3	19,2	-39,4	0,0	0,0	0,0	0,950	0,000	5014,935	0,0	-39,4		20:38:18:736		
003:40:00,000	-39,4	18,3	19,2	-39,4	0,0	0,0	0,0	0,950	0,000	5015,537	0,0	-39,3		20:39:18:736		
003:41:00,000	-39,5	18,2	19,2	-39,5	0,0	0,0	0,0	0,950	0,000	5014,771	0,0	-39,3		20:40:18:736		
003:42:00,000	-39,5	18,2	19,2	-39,5	0,0	0,0	0,0	0,950	0,000	5014,231	0,0	-39,5		20:41:18:736		
003:43:00,000	-39,4	18,2	19,1	-39,4	0,0	0,0	0,0	0,950	0,000	5015,574	0,0	-39,1		20:42:18:736		
003:44:00,000	-39,5	18,1	19,1	-39,5	0,0	0,0	0,0	0,950	0,000	5014,509	0,0	-39,3		20:43:18:736		
003:45:00,000	-39,5	18,1	19,0	-39,5	0,0	0,0	0,0	0,950	0,000	5014,741	0,0	-39,3		20:44:18:736		
003:46:00,000	-39,4	18,1	19,0	-39,4	0,0	0,0	0,0	0,950	0,000	5014,973	0,0	-39,4		20:45:18:736		
003:47:00,000	-39,4	18,1	19,0	-39,4	0,0	0,0	0,0	0,950	0,000	5014,879	0,0	-39,3		20:46:18:736		
003:48:00,000	-39,4	18,0	19,0	-39,4	0,0	0,0	0,0	0,950	0,000	5015,139	0,0	-39,1		20:47:18:736		
003:49:00,000	-39,4	18,0	19,0	-39,4	0,0	0,0	0,0	0,950	0,000	5014,861	0,0	-39,2		20:48:18:736		
003:50:00,000	-39,4	18,0	18,9	-39,4	0,0	0,0	0,0	0,950	0,000	5015,250	0,0	-39,3		20:49:18:736		
003:51:00,000	-39,6	17,9	18,8	-39,5	0,0	0,0	0,0	0,950	0,000	5013,991	0,0	-39,4		20:50:18:736		
003:52:00,000	-39,6	17,9	18,8	-39,6	0,0	0,0	0,0	0,950	0,000	5014,833	0,0	-39,4		20:51:18:736		
003:53:00,000	-39,6	17,9	18,8	-39,5	0,0	0,0	0,0	0,950	0,000	5014,333	0,0	-39,3		20:52:18:736		
003:54:00,000	-39,7	17,8	18,8	-39,7	0,0	0,0	0,0	0,950	0,000	5014,688	0,0	-39,5		20:53:18:736		
003:55:00,000	-39,8	17,8	18,8	-39,8	0,0	0,0	0,0	0,950	0,000	5014,685	0,0	-39,7		20:54:18:736		
003:56:00,000	-39,9	17,8	18,7	-39,9	0,0	0,0	0,0	0,950	0,000	5015,463	0,0	-39,7		20:55:18:736		
003:57:00,000	-40,0	17,8	18,7	-40,0	0,0	0,0	0,0	0,950	0,000	5014,816	0,0	-39,9		20:56:18:736		
003:58:00,000	-40,0	17,8	18,7	-40,0	0,0	0,0	0,0	0,950	0,000	5014,621	0,0	-39,8		20:57:18:736		
003:59:00,000	-40,0	17,8	18,7	-40,0	0,0	0,0	0,0	0,950	0,000	5014,648	0,0	-39,7		20:58:18:736		
004:00:00,000	-39,9	17,8	18,7	-39,9	0,0	0,0	0,0	0,950	0,000	5014,697	0,0	-39,8		20:59:18:736		
004:01:00,000	-40,0	17,8	18,7	-40,0	0,0	0,0	0,0	0,950	0,000	5014,259	0,0	-40,0		21:00:18:736		
004:02:00,000	-40,2	17,8	18,7	-40,2	0,0	0,0	0,0	0,950	0,000	5015,926	0,0	-40,0		21:01:18:736		
004:03:00,000	-40,2	17,8	18,7	-40,2	0,0	0,0	0,0	0,950	0,000	5015,379	0,0	-40,0		21:02:18:736		
004:04:00,000	-40,2	17,7	18,6	-40,2	0,0	0,0	0,0	0,950	0,000	5014,945	0,0	-40,1		21:03:18:736		
004:05:00,000	-40,1	17,7	18,6	-40,1	0,0	0,0	0,0	0,950	0,000	5014,444	0,0	-40,0		21:04:18:736		
004:06:00,000	-39,9	17,7	18,6	-39,9	0,0	0,0	0,0	0,950	0,000	5014,220	0,0	-39,7		21:05:18:736		
004:07:00,000	-39,8	17,7	18,6	-39,8	0,0	0,0	0,0	0,950	0,000	5014,065	0,0	-39,7		21:06:18:736		
004:08:00,000	-39,6	17,7	18,6	-39,6	0,0	0,0	0,0	0,950	0,000	5019,435	0,0	-39,5		21:07:18:736		
004:09:00,000	-39,6	17,7	18,6	-39,6	0,0	0,0	0,0	0,950	0,000	5014,973	0,0	-39,6		21:08:18:736		
004:10:00,000	-39,9	17,7	18,6	-39,9	0,0	0,0	0,0	0,950	0,000	5014,889	0,0	-39,8		21:09:18:736		
004:11:00,000	-40,0	17,7	18,6	-40,0	0,0	0,0	0,0	0,950	0,000	5014,769	0,0	-39,9		21:10:18:736		
004:12:00,000	-40,0	17,6	18,5	-40,0	0,0	0,0	0,0	0,950	0,000	5014,450	0,0	-40,0		21:11:18:736		
004:13:00,000	-40,1	17,6	18,5	-40,1	0,0	0,0	0,0	0,950	0,000	5014,157	0,0	-40,0		21:12:18:736		
004:14:00,000	-40,2	17,6	18,5	-40,2	0,0	0,0	0,0	0,950	0,000	5013,963	0,0	-40,0		21:13:18:736		
004:15:00,000	-40,4	17,5	18,5	-40,4	0,0	0,0	0,0	0,950	0,000	5014,685	0,0	-40,2		21:14:18:736		
004:16:00,000	-40,5	17,5	18,4	-40,5	0,0	0,0	0,0	0,950	0,000	5014,624	0,0	-40,3		21:15:18:736		
004:17:00,000	-40,7	17,4	18,3	-40,7	0,0	0,0	0,0	0,950	0,000	5014,009	0,0	-40,3		21:16:18:736		
004:18:00,000	-40,7	17,4	18,3	-40,7	0,0	0,0	0,0	0,950	0,000	5014,426	0,0	-40,4		21:17:18:736		
004:19:00,000	-40,8	17,3	18,3	-40,8	0,0	0,0	0,0	0,950	0,000	5013,648	0,0	-40,5		21:18:18:736		
004:20:00,000	-40,7	17,3	18,2	-40,7	0,0	0,0	0,0	0,950	0,000	5013,991	0,0	-40,5		21:19:18:736		
004:21:00,000	-40,7	17,3	18,2	-40,7	0,0	0,0	0,0	0,950	0,000	5013,685	0,0	-40,5		21:20:18:736		
004:22:00,000	-40,6	17,3	18,2	-40,6	0,0	0,0	0,0	0,950	0,000	5013,694	0,0	-40,6		21:21:18:736		
004:23:00,000	-40,4	17,3	18,2	-40,4	0,0	0,0	0,0	0,950	0,000	5013,862	0,0	-40,5		21:22:18:736		
004:24:00,000	-40,4	17,3	18,2	-40,4	0,0	0,0	0,0	0,950	0,000	5014,231	0,0	-40,3		21:23:18:736		
004:25:00,000	-40,4	17,3	18,2	-40,4	0,0	0,0	0,0	0,950	0,000	5014,648	0,0	-40,3		21:24:18:736		
004:26:00,000	-40,2	17,3	18,2	-40,2	0,0	0,0	0,0	0,950	0,000	5014,074	0,0	-40,2		21:25:18:736		
004:27:00,000	-40,1	17,3	18,2	-40,1	0,0	0,0	0,0	0,950	0,000	5013,389	0,0	-40,0		21:26:18:736		
004:28:00,000	-40,0	17,3	18,2	-40,0	0,0	0,0	0,0	0,950	0,000	5014,275	0,0	-39,8		21:27:18:736		
004:29:00,000	-40,0	17,3	18,2	-40,0	0,0	0,0	0,0	0,950	0,000	5014,028	0,0	-39,7		21:28:18:736		
004:30:00,000	-40,2	17,3	18,2	-40,2	0,0	0,0	0,0	0,950	0,000	5012,935	0,0	-40,1		21:29:18:736		
004:31:00,000	-40,3	17,3	18,2	-40,2	0,0	0,0	0,0	0,950	0,000	5013,167	0,0	-40,1		21:30:18:736		
004:32:00,000	-40,4	17,3	18,2	-40,4	0,0	0,0	0,0	0,950	0,000	5014,523	0,0	-40,2		21:31:18:736		
004:33:00,000	-40,6	17,2	18,1	-40,5	0,0	0,0	0,0	0,950	0,000	5013,574	0,0	-40,5		21:32:18:736		
004:34:00,000	-40,5	17,2	18,1	-40,5	0,0	0,0	0,0	0,950	0,000	5013,537	0,0	-40,4		21:33:18:736		
004:35:00,000	-40,7	17,1	18,0	-40,7	0,0	0,0	0,0	0,950	0,000	5012,907	0,0	-40,5		21:34:18:736		
004:36:00,000	-40,7	17,1	18,0	-40,7	0,0	0,0	0,0	0,950	0,000	5012,602	0,0	-40,7		21:35:18:736		
004:37:00,000	-40,9	17,1	18,0	-40,9	0,0	0,0	0,0	0,950	0,000	5012,046	0,0	-40,8		21:36:18:736		
004:38:00,000	-41,0	17,1	18,0	-41,0	0,0	0,0	0,0	0,950	0,000	5013,713	0,0	-40,9		21:37:18:736		
004:39:00,000	-41,0	17,1	18,0	-41,0	0,0	0,0	0,0	0,950	0,000	5012,694	0,0	-40,8		21:38:18:736		
004:40:00,000	-41,0	17,1	18,0	-41,0	0,0	0,0	0,0	0,950	0,000	5012,661	0,0	-40,7		21:39:18:736		
004:41:00,000	-40,8	17,1	18,0	-40,8	0,0	0,0	0,0	0,950	0,000	5013,157	0,0	-40,8		21:40:18:736		
004:42:00,000	-40,7	17,1	18,0	-40,7	0,0	0,0	0,0	0,950	0,000	5012,963	0,0	-40,6		21:41:18:736		
004:43:00,000	-40,6	17,1	18,0	-40,6	0,0	0,0	0,0	0,950	0,000	5012,741	0,0	-40,5		21:42:18:736		
004:44:00,000	-40,5	17,1	18,0	-40,5	0,0	0,0	0,0	0,950	0,000	5013,065	0,0	-40,3		21:43:18:736		
004:45:00,000	-40,5	17,1	18,0	-40,5	0,0	0,0	0,0	0,950	0,000	5012,248	0,0	-40,6		21:44:18:736		
004:46:00,000	-40,5	17,1	18,0	-40,5	0,0	0,0	0,0	0,950	0,000	5012,583	0,0	-40,2		21:45:18:736		
004:47:00,000	-40,5	17,0	18,0	-40,5	0,0	0,0	0,0	0,950	0,000	5013,532	0,0	-40,3		21:46:18:736		
004:48:00,000	-40,7	17,0	17,9	-40,7	0,0	0,0	0,0	0,950	0,000	5013,824	0,0	-40,3		21:47:18:736		
004:49:00,000	-40,9	17,0	17,9	-40,9	0,0	0,0	0,0	0,950	0,000	5013,504	0,0	-40,7		21:48:18:736		
004:50:00,000	-40,9	17,0	17,9	-40,9	0,0	0,0	0,0	0,950	0,000	5012,907	0,0	-40,8		21:49:18:736		
004:51:00,000	-40,7	17,0	17,9	-40,7	0,0	0,0	0,0	0,950	0,000	5012,407	0,0	-40,4		21:50:18:736		
004:52:00,000	-40,7	17,0	17,9	-40,7	0,0	0,0	0,0	0,950	0,000	5013,211	0,0	-40,6		21:51:18:736		
004:53:00,000	-40,8	17,0	17,9	-40,8	0,0	0,0	0,0	0,950	0,000	5012,667	0,0	-40,7		21:52:18:736		
004:54:00,000	-40,9	17,0	17,9	-40,9	0,0	0,0	0,0	0,950	0,000	5012,491	0,0	-40,7		21:53:18:736		
004:55:00,000	-41,0	17,0	17,9	-41,0	0,0	0,0	0,0	0,950	0,000	5012,936	0,0	-40,7		21:54:18:736		
004:56:00,000	-41,1	17,0	17,9	-41,1	0,0	0,0	0,0	0,950	0,000	5012,935	0,0	-40,8		21:55:18:736		
004:57:00,000	-41,3	17,0	17,9	-41,3	0,0	0,0	0,0	0,950	0,000	5013,306	0,0	-41,2		21:56:18:736		
004:58:00,000	-41,3	17,0	17,9	-41,3	0,0	0,0	0,0	0,950	0,000	5013,352	0,0	-41,0		21:57:18:736		
004:59:00,000	-41,3	17,0	17,9	-41,2	0,0	0,0	0,0	0,950	0,000	5012,704	0,0	-41,1		21:58:18:736		
005:00:00,000	-41,2	16,9	17,8	-41,2	0,0	0,0	0,0	0,950	0,000	5012,257	0,0	-41,0		21:59:18:736		
005:01:00,000	-41,1	16,9	17,8	-41,1	0,0	0,0	0,0	0,950	0,000	5012,333	0,0	-40,9		22:00:18:736		
005:02:00,000	-41,2	16,9	17,8	-41,2	0,0	0,0	0,0	0,950	0,000	5013,083	0,0	-41,1		22:01:18:736		
005:03:00,000	-41,3	16,9	17,8	-41,3	0,0	0,0	0,0	0,950	0,000	5013,250	0,0	-41,1		22:02:18:736		
005:04:00,000	-41,3	16,9	17,8	-41,3	0,0	0,0	0,0	0,950	0,000	5012,605	0,0	-41,0		22:03:18:736		
005:05:00,000	-41,3	16,9	17,8	-41,3	0,0	0,0	0,0	0,950	0,000	5012,009	0,0	-41,2		22:04:18:736		
005:06:00,000	-41,6	16,8	17,7	-41,6	0,0	0,0	0,0	0,950	0,000	5011,759	0,0	-41,2		22:05:18:736		
005:07:00,000	-41,8	16,8	17,7	-41,8	0,0	0,0	0,0	0,950	0,000	5012,898	0,0	-41,6		22:06:18:736		
005:08:00,000	-41,8	16,8	17,7	-41,8	0,0	0,0	0,0	0,950	0,000	5012,954	0,0	-41,6		22:07:18:736		
005:09:00,000	-41,7	16,8	17,7	-41,7	0,0	0,0	0,0	0,950	0,000	5012,935	0,0	-41,4		22:08:18:736		
005:10:00,000	-41,5	16,7	17,6	-41,5	0,0	0,0	0,0	0,950	0,000	5012,853	0,0	-41,3		22:09:18:736		
005:11:00,000	-41,4	16,7	17,6	-41,4	0,0	0,0	0,0	0,950	0,000	5013,343	0,0	-41,1		22:10:18:736		
005:12:00,000	-41,4	16,6	17,5	-41,4	0,0	0,0	0,0	0,950	0,000	5012,404	0,0	-41,3		22:11:18:736		
005:13:00,000	-41,4	16,6	17,5	-41,4	0,0	0,0	0,0	0,950	0,000	5012,074	0,0	-41,2		22:12:18:736		
005:14:00,000	-41,5	16,5	17,5	-41,5	0,0	0,0	0,0	0,950	0,000	5012,611	0,0	-41,3		22:13:18:736		
005:15:00,000	-41,4	16,5	17,4	-41,4	0,0	0,0	0,0	0,950	0,000	5012,220	0,0	-41,2		22:14:18:736		
005:16:00,000	-41,4	16,5	17,4	-41,4	0,0	0,0	0,0	0,950	0,000	5011,796	0,0	-41,1		22:15:18:736		
005:17:00,000	-41,5	16,5	17,4	-41,5	0,0	0,0	0,0	0,950	0,000	5012,602	0,0	-41,3		22:16:18:736		
005:18:00,000	-41,5	16,5	17,4	-41,5	0,0	0,0	0,0	0,950	0,000	5012,398	0,0	-41,3		22:17:18:736		
005:19:00,000	-41,6	16,5	17,4	-41,6	0,0	0,0	0,0	0,950	0,000	5011,908	0,0	-41,4		22:18:18:736		
005:20:00,000	-41,4	16,6	17,4	-41,4	0,0	0,0	0,0	0,950	0,000	5012,833	0,0	-41,3		22:19:18:736		
005:21:00,000	-41,2	16,6	17,4	-41,2	0,0	0,0	0,0	0,950	0,000	5012,569	0,0	-41,0		22:20:18:736		
005:22:00,000	-41,1	16,6	17,4	-41,1	0,0	0,0	0,0	0,950	0,000	5012,500	0,0	-40,9		22:21:18:736		
005:23:00,000	-41,2	16,5	17,4	-41,2	0,0	0,0	0,0	0,950	0,000	5012,496	0,0	-41,1		22:22:18:736		
005:24:00,000	-41,2	16,5	17,4	-41,2	0,0	0,0	0,0	0,950	0,000	5012,176	0,0	-40,9		22:23:18:736		
005:25:00,000	-41,4	16,5	17,4	-41,4	0,0	0,0	0,0	0,950	0,000	5012,371	0,0	-41,1		22:24:18:736		
005:26:00,000	-41,5	16,4	17,4	-41,5	0,0	0,0	0,0	0,950	0,000	5012,789	0,0	-41,4		22:25:18:736		
005:27:00,000	-41,5	16,4	17,3	-41,4	0,0	0,0	0,0	0,950	0,000	5011,907	0,0	-41,2		22:26:18:736		
005:28:00,000	-41,4	16,4	17,3	-41,4	0,0	0,0	0,0	0,950	0,000	5012,954	0,0	-41,1		22:27:18:736		
005:29:00,000	-41,5	16,4	17,3	-41,5	0,0	0,0	0,0	0,950	0,000	5012,083	0,0	-41,3		22:28:18:736		
005:30:00,000	-41,5	16,5	17,3	-41,5	0,0	0,0	0,0	0,950	0,000	5011,853	0,0	-41,3		22:29:18:736		
005:31:00,000	-41,4	16,5	17,3	-41,4	0,0	0,0	0,0	0,950	0,000	5012,250	0,0	-41,2		22:30:18:736		
005:32:00,000	-41,2	16,5	17,3	-41,2	0,0	0,0	0,0	0,950	0,000	5011,722	0,0	-41,0		22:31:18:736		
005:33:00,000	-41,0	16,5	17,3	-41,0	0,0	0,0	0,0	0,950	0,000	5011,504	0,0	-41,0		22:32:18:736		
005:34:00,000	-40,9	16,5	17,3	-40,9	0,0	0,0	0,0	0,950	0,000	5012,009	0,0	-40,8		22:33:18:736		
005:35:00,000	-40,9	16,5	17,3	-40,9	0,0	0,0	0,0	0,950	0,000	5011,343	0,0	-40,7		22:34:18:736		
005:36:00,000	-41,0	16,4	17,3	-41,0	0,0	0,0	0,0	0,950	0,000	5011,509	0,0	-40,7		22:35:18:736		
005:37:00,000	-41,0	16,4	17,3	-41,0	0,0	0,0	0,0	0,950	0,000	5012,333	0,0	-40,8		22:36:18:736		
005:38:00,000	-41,0	16,4	17,3	-41,0	0,0	0,0	0,0	0,950	0,000	5012,519	0,0	-40,8		22:37:18:736		
005:39:00,000	-41,1	16,4	17,3	-41,1	0,0	0,0	0,0	0,950	0,000	5012,211	0,0	-40,8		22:38:18:736		
005:40:00,000	-41,1	16,4	17,3	-41,1	0,0	0,0	0,0	0,950	0,000	5012,167	0,0	-41,1		22:39:18:736		
005:41:00,000	-41,2	16,4	17,3	-41,2	0,0	0,0	0,0	0,950	0,000	5012,651	0,0	-41,0		22:40:18:736		
005:42:00,000	-41,1	16,4	17,3	-41,1	0,0	0,0	0,0	0,950	0,000	5012,083	0,0	-40,9		22:41:18:736		
005:43:00,000	-40,8	16,4	17,3	-40,8	0,0	0,0	0,0	0,950	0,000	5012,472	0,0	-40,8		22:42:18:736		
005:44:00,000	-40,7	16,4	17,3	-40,7	0,0	0,0	0,0	0,950	0,000	5011,725	0,0	-40,3		22:43:18:736		
005:45:00,000	-40,4	16,4	17,3	-40,4	0,0	0,0	0,0	0,950	0,000	5012,287	0,0	-40,3		22:44:18:736		
005:46:00,000	-40,3	16,4	17,3	-40,3	0,0	0,0	0,0	0,950	0,000	5011,769	0,0	-40,0		22:45:18:736		
005:47:00,000	-40,3	16,4	17,3	-40,3	0,0	0,0	0,0	0,950	0,000	5011,707	0,0	-40,1		22:46:18:736		
005:48:00,000	-40,5	16,4	17,3	-40,4	0,0	0,0	0,0	0,950	0,000	5012,667	0,0	-40,3		22:47:18:736		
005:49:00,000	-40,9	16,4	17,3	-40,9	0,0	0,0	0,0	0,950	0,000	5012,028	0,0	-40,5		22:48:18:736		
005:50:00,000	-41,1	16,3	17,3	-41,1	0,0	0,0	0,0	0,950	0,000	5012,174	0,0	-40,9		22:49:18:736		
005:51:00,000	-41,2	16,3	17,2	-41,2	0,0	0,0	0,0	0,950	0,000	5011,361	0,0	-41,1		22:50:18:736		
005:52:00,000	-41,3	16,3	17,2	-41,3	0,0	0,0	0,0	0,950	0,000	5011,537	0,0	-41,2		22:51:18:736		
005:53:00,000	-41,2	16,3	17,2	-41,2	0,0	0,0	0,0	0,950	0,000	5011,504	0,0	-40,9		22:52:18:736		
005:54:00,000	-40,9	16,3	17,2	-40,9	0,0	0,0	0,0	0,950	0,000	5011,778	0,0	-40,7		22:53:18:736		
005:55:00,000	-40,9	16,2	17,2	-40,9	0,0	0,0	0,0	0,950	0,000	5012,315	0,0	-40,7		22:54:18:736		
005:56:00,000	-40,8	16,2	17,1	-40,8	0,0	0,0	0,0	0,950	0,000	5012,312	0,0	-40,6		22:55:18:736		
005:57:00,000	-40,9	16,1	17,1	-40,9	0,0	0,0	0,0	0,950	0,000	5011,741	0,0	-40,5		22:56:18:736		
005:58:00,000	-40,8	16,1	17,0	-40,8	0,0	0,0	0,0	0,950	0,000	5012,667	0,0	-40,6		22:57:18:736		
005:59:00,000	-40,9	16,1	17,0	-40,9	0,0	0,0	0,0	0,950	0,000	5011,707	0,0	-40,7		22:58:18:736		
006:00:00,000	-41,0	16,1	17,0	-41,0	0,0	0,0	0,0	0,950	0,000	5011,583	0,0	-41,0		22:59:18:736		
006:01:00,000	-41,3	16,1	17,0	-41,3	0,0	0,0	0,0	0,950	0,000	5011,312	0,0	-40,9		23:00:18:736		
006:02:00,000	-41,4	16,1	17,0	-41,3	0,0	0,0	0,0	0,950	0,000	5011,704	0,0	-41,0		23:01:18:736		
006:03:00,000	-41,3	16,1	17,0	-41,3	0,0	0,0	0,0	0,950	0,000	5012,565	0,0	-41,1		23:02:18:736		
006:04:00,000	-41,1	16,2	17,0	-41,1	0,0	0,0	0,0	0,950	0,000	5011,661	0,0	-40,9		23:03:18:736		
006:05:00,000	-41,2	16,2	17,0	-41,1	0,0	0,0	0,0	0,950	0,000	5012,556	0,0	-40,9		23:04:18:736		
006:06:00,000	-41,1	16,2	17,0	-41,1	0,0	0,0	0,0	0,950	0,000	5011,629	0,0	-40,7		23:05:18:736		
006:07:00,000	-40,9	16,2	17,0	-40,9	0,0	0,0	0,0	0,950	0,000	5011,065	0,0	-40,8		23:06:18:736		
006:08:00,000	-40,8	16,2	17,0	-40,8	0,0	0,0	0,0	0,950	0,000	5011,981	0,0	-40,7		23:07:18:736		
006:09:00,000	-40,5	16,2	17,0	-40,5	0,0	0,0	0,0	0,950	0,000	5012,019	0,0	-40,4		23:08:18:736		
006:10:00,000	-40,5	16,2	17,0	-40,5	0,0	0,0	0,0	0,950	0,000	5011,833	0,0	-40,6		23:09:18:736		
006:11:00,000	-40,5	16,2	17,0	-40,5	0,0	0,0	0,0	0,950	0,000	5011,621	0,0	-40,4		23:10:18:736		
006:12:00,000	-40,6	16,1	17,0	-40,6	0,0	0,0	0,0	0,950	0,000	5011,713	0,0	-40,3		23:11:18:736		
006:13:00,000	-40,5	16,1	17,0	-40,5	0,0	0,0	0,0	0,950	0,000	5011,835	0,0	-40,3		23:12:18:736		
006:14:00,000	-40,6	16,1	17,0	-40,6	0,0	0,0	0,0	0,950	0,000	5011,852	0,0	-40,3		23:13:18:736		
006:15:00,000	-40,6	16,1	17,0	-40,5	0,0	0,0	0,0	0,950	0,000	5011,852	0,0	-40,3		23:14:18:736		
006:16:00,000	-40,4	16,1	17,0	-40,3	0,0	0,0	0,0	0,950	0,000	5011,500	0,0	-40,1		23:15:18:736		
006:17:00,000	-40,2	16,1	17,0	-40,2	0,0	0,0	0,0	0,950	0,000	5012,303	0,0	-40,0		23:16:18:736		
006:18:00,000	-40,1	16,0	17,0	-40,1	0,0	0,0	0,0	0,950	0,000	5011,731	0,0	-39,9		23:17:18:736		
006:19:00,000	-40,3	16,0	17,0	-40,3	0,0	0,0	0,0	0,950	0,000	5011,824	0,0	-40,1		23:18:18:736		
006:20:00,000	-40,5	16,0	16,9	-40,4	0,0	0,0	0,0	0,950	0,000	5010,991	0,0	-40,2		23:19:18:736		
006:21:00,000	-40,4	16,0	16,9	-40,4	0,0	0,0	0,0	0,950	0,000	5011,496	0,0	-40,3		23:20:18:736		
006:22:00,000	-40,1	16,0	16,9	-40,1	0,0	0,0	0,0	0,950	0,000	5012,121	0,0	-40,0		23:21:18:736		
006:23:00,000	-39,9	16,0	16,9	-39,9	0,0	0,0	0,0	0,950	0,000	5011,222	0,0	-39,8		23:22:18:736		
006:24:00,000	-39,6	16,0	16,9	-39,6	0,0	0,0	0,0	0,950	0,000	5011,371	0,0	-39,3		23:23:18:736		
006:25:00,000	-40,1	16,1	16,9	-40,1	0,0	0,0	0,0	0,950	0,000	5011,389	0,0	-39,9		23:24:18:736		
006:26:00,000	-40,2	16,1	16,9	-40,2	0,0	0,0	0,0	0,950	0,000	5012,239	0,0	-39,9		23:25:18:736		
006:27:00,000	-40,5	16,0	16,9	-40,5	0,0	0,0	0,0	0,950	0,000	5011,676	0,0	-40,3		23:26:18:736		
006:28:00,000	-40,5	16,0	16,9	-40,5	0,0	0,0	0,0	0,950	0,000	5012,157	0,0	-40,2		23:27:18:736		
006:29:00,000	-40,7	15,9	16,9	-40,7	0,0	0,0	0,0	0,950	0,000	5011,157	0,0	-40,5		23:28:18:736		
006:30:00,000	-40,7	15,9	16,9	-40,7	0,0	0,0	0,0	0,950	0,000	5010,778	0,0	-40,5		23:29:18:736		
006:31:00,000	-40,6	15,9	16,8	-40,6	0,0	0,0	0,0	0,950	0,000	5011,532	0,0	-40,4		23:30:18:736		
006:32:00,000	-40,7	15,9	16,8	-40,7	0,0	0,0	0,0	0,950	0,000	5011,463	0,0	-40,5		23:31:18:736		
006:33:00,000	-40,8	16,0	16,8	-40,8	0,0	0,0	0,0	0,950	0,000	5012,222	0,0	-40,8		23:32:18:736		
006:34:00,000	-40,9	16,0	16,8	-40,9	0,0	0,0	0,0	0,950	0,000	5012,431	0,0	-40,8		23:33:18:736		
006:35:00,000	-40,9	16,0	16,8	-40,9	0,0	0,0	0,0	0,950	0,000	5011,593	0,0	-40,7		23:34:18:736		
006:36:00,000	-40,7	16,0	16,8	-40,7	0,0	0,0	0,0	0,950	0,000	5011,593	0,0	-40,5		23:35:18:736		
006:37:00,000	-40,5	16,0	16,8	-40,5	0,0	0,0	0,0	0,950	0,000	5011,843	0,0	-40,4		23:36:18:736		
006:38:00,000	-40,6	15,9	16,8	-40,6	0,0	0,0	0,0	0,950	0,000	5012,312	0,0	-40,4		23:37:18:736		
006:39:00,000	-40,9	15,9	16,8	-40,9	0,0	0,0	0,0	0,950	0,000	5017,389	0,0	-40,8		23:38:18:736		
006:40:00,000	-40,6	15,9	16,8	-40,6	0,0	0,0	0,0	0,950	0,000	5012,056	0,0	-40,4		23:39:18:736		
006:41:00,000	-40,5	15,9	16,8	-40,5	0,0	0,0	0,0	0,950	0,000	5011,973	0,0	-40,2		23:40:18:736		
006:42:00,000	-40,4	15,9	16,8	-40,4	0,0	0,0	0,0	0,950	0,000	5011,917	0,0	-40,2		23:41:18:736		
006:43:00,000	-39,9	16,0	16,8	-39,9	0,0	0,0	0,0	0,950	0,000	5011,629	0,0	-39,6		23:42:18:736		
006:44:00,000	-39,9	16,0	16,8	-39,9	0,0	0,0	0,0	0,950	0,000	5011,789	0,0	-39,8		23:43:18:736		
006:45:00,000	-38,7	16,0	16,8	-38,7	0,0	0,0	0,0	0,950	0,000	5011,463	0,0	-38,6		23:44:18:736		
006:46:00,000	-39,7	16,0	16,8	-39,7	0,0	0,0	0,0	0,950	0,000	5011,651	0,0	-39,6		23:45:18:736		
006:47:00,000	-39,9	16,0	16,8	-39,9	0,0	0,0	0,0	0,950	0,000	5011,379	0,0	-39,9		23:46:18:736		
006:48:00,000	-39,8	15,9	16,8	-39,7	0,0	0,0	0,0	0,950	0,000	5012,139	0,0	-39,6		23:47:18:736		
006:49:00,000	-39,5	15,9	16,8	-39,5	0,0	0,0	0,0	0,950	0,000	5011,565	0,0	-39,3		23:48:18:736		
006:50:00,000	-36,5	15,8	16,8	-36,5	0,0	0,0	0,0	0,950	0,000	5011,759	0,0	-36,3		23:49:18:736		
006:51:00,000	-34,5	15,8	16,8	-34,5	0,0	0,0	0,0	0,950	0,000	5011,716	0,0	-34,3		23:50:18:736		
006:52:00,000	-19,4	15,8	16,8	-19,4	0,0	0,0	0,0	0,950	0,000	5011,676	0,0	-19,3		23:51:18:736		
006:53:00,000	-28,5	15,8	16,7	-28,5	0,0	0,0	0,0	0,950	0,000	5011,129	0,0	-28,4		23:52:18:736		
006:54:00,000	-39,1	15,7	16,7	-39,1	0,0	0,0	0,0	0,950	0,000	5010,945	0,0	-39,1		23:53:18:736		
006:55:00,000	-39,6	15,7	16,7	-39,6	0,0	0,0	0,0	0,950	0,000	5011,852	0,0	-39,2		23:54:18:736		
006:56:00,000	-38,5	15,7	16,7	-38,4	0,0	0,0	0,0	0,950	0,000	5011,330	0,0	-38,3		23:55:18:736		
006:57:00,000	-34,5	15,7	16,7	-34,5	0,0	0,0	0,0	0,950	0,000	5011,093	0,0	-34,3		23:56:18:736		
006:58:00,000	-36,9	15,7	16,7	-36,9	0,0	0,0	0,0	0,950	0,000	5011,569	0,0	-36,8		23:57:18:736		
006:59:00,000	-35,3	15,8	16,7	-35,3	0,0	0,0	0,0	0,950	0,000	5012,148	0,0	-35,1		23:58:18:736		
007:00:00,000	-33,2	15,8	16,7	-33,2	0,0	0,0	0,0	0,950	0,000	5011,565	0,0	-33,1		23:59:18:736		
007:01:00,000	-39,3	15,8	16,7	-39,3	0,0	0,0	0,0	0,950	0,000	5011,991	0,0	-39,2		00:00:18:736		
007:02:00,000	-39,4	15,8	16,7	-39,4	0,0	0,0	0,0	0,950	0,000	5011,231	0,0	-39,2		00:01:18:736		
007:03:00,000	-39,5	15,8	16,7	-39,5	0,0	0,0	0,0	0,950	0,000	5012,167	0,0	-39,4		00:02:18:736		
007:04:00,000	-39,8	15,8	16,7	-39,8	0,0	0,0	0,0	0,950	0,000	5011,083	0,0	-39,7		00:03:18:736		
007:05:00,000	-39,8	15,8	16,7	-39,8	0,0	0,0	0,0	0,950	0,000	5010,907	0,0	-39,6		00:04:18:736		
007:06:00,000	-39,9	15,7	16,7	-39,9	0,0	0,0	0,0	0,950	0,000	5010,771	0,0	-39,6		00:05:18:736		
007:07:00,000	-39,9	15,7	16,6	-39,9	0,0	0,0	0,0	0,950	0,000	5011,333	0,0	-39,8		00:06:18:736		
007:08:00,000	-39,6	15,7	16,6	-39,6	0,0	0,0	0,0	0,950	0,000	5011,371	0,0	-39,4		00:07:18:736		
007:09:00,000	-39,4	15,7	16,6	-39,4	0,0	0,0	0,0	0,950	0,000	5010,787	0,0	-39,2		00:08:18:736		
007:10:00,000	-39,2	15,7	16,6	-39,2	0,0	0,0	0,0	0,950	0,000	5011,284	0,0	-39,2		00:09:18:736		
007:11:00,000	-39,2	15,7	16,6	-39,2	0,0	0,0	0,0	0,950	0,000	5010,991	0,0	-39,0		00:10:18:736		
007:12:00,000	-39,3	15,6	16,6	-39,2	0,0	0,0	0,0	0,950	0,000	5010,843	0,0	-39,2		00:11:18:736		
007:13:00,000	-39,1	15,6	16,6	-39,1	0,0	0,0	0,0	0,950	0,000	5011,128	0,0	-38,8		00:12:18:736		
007:14:00,000	-38,9	15,6	16,5	-38,9	0,0	0,0	0,0	0,950	0,000	5010,898	0,0	-38,7		00:13:18:736		
007:15:00,000	-39,1	15,6	16,5	-39,1	0,0	0,0	0,0	0,950	0,000	5010,761	0,0	-38,9		00:14:18:736		
007:16:00,000	-39,3	15,6	16,5	-39,3	0,0	0,0	0,0	0,950	0,000	5010,602	0,0	-39,0		00:15:18:736		
007:17:00,000	-39,2	15,6	16,5	-39,2	0,0	0,0	0,0	0,950	0,000	5009,963	0,0	-38,9		00:16:18:736		
007:18:00,000	-39,3	15,6	16,5	-39,2	0,0	0,0	0,0	0,950	0,000	5007,890	0,0	-39,2		00:17:18:736		
007:19:00,000	-39,6	15,5	16,5	-39,6	0,0	0,0	0,0	0,950	0,000	5008,481	0,0	-39,5		00:18:18:736		
007:20:00,000	-39,7	15,5	16,5	-39,7	0,0	0,0	0,0	0,950	0,000	5010,759	0,0	-39,5		00:19:18:736		
007:21:00,000	-39,7	15,5	16,5	-39,7	0,0	0,0	0,0	0,950	0,000	5010,685	0,0	-39,3		00:20:18:736		
007:22:00,000	-39,6	15,6	16,5	-39,6	0,0	0,0	0,0	0,950	0,000	5011,128	0,0	-39,4		00:21:18:736		
007:23:00,000	-39,6	15,6	16,5	-39,6	0,0	0,0	0,0	0,950	0,000	5010,583	0,0	-39,4		00:22:18:736		
007:24:00,000	-37,9	15,6	16,5	-37,9	0,0	0,0	0,0	0,950	0,000	5011,121	0,0	-37,7		00:23:18:736		
007:25:00,000	-37,7	15,7	16,5	-37,7	0,0	0,0	0,0	0,950	0,000	5011,055	0,0	-37,4		00:24:18:736		
007:26:00,000	-39,9	15,7	16,5	-39,9	0,0	0,0	0,0	0,950	0,000	5012,241	0,0	-39,6		00:25:18:736		
007:27:00,000	-40,1	15,7	16,5	-40,1	0,0	0,0	0,0	0,950	0,000	5011,611	0,0	-40,0		00:26:18:736		
007:28:00,000	-40,4	15,7	16,5	-40,4	0,0	0,0	0,0	0,950	0,000	5011,789	0,0	-40,2		00:27:18:736		
007:29:00,000	-40,6	15,7	16,5	-40,6	0,0	0,0	0,0	0,950	0,000	5011,787	0,0	-40,2		00:28:18:736		
007:30:00,000	-40,6	15,7	16,5	-40,6	0,0	0,0	0,0	0,950	0,000	5010,833	0,0	-40,3		00:29:18:736		
007:31:00,000	-40,7	15,7	16,5	-40,7	0,0	0,0	0,0	0,950	0,000	5011,194	0,0	-40,4		00:30:18:736		
007:32:00,000	-40,7	15,7	16,5	-40,7	0,0	0,0	0,0	0,950	0,000	5011,852	0,0	-40,5		00:31:18:736		
007:33:00,000	-40,4	15,6	16,5	-40,5	0,0	0,0	0,0	0,950	0,000	5010,917	0,0	-40,3		00:32:18:736		
007:34:00,000	-40,2	15,6	16,5	-40,2	0,0	0,0	0,0	0,950	0,000	5011,119	0,0	-40,0		00:33:18:736		
007:35:00,000	-39,8	15,7	16,5	-39,8	0,0	0,0	0,0	0,950	0,000	5011,472	0,0	-39,4		00:34:18:736		
007:36:00,000	-39,8	15,8	16,5	-39,8	0,0	0,0	0,0	0,950	0,000	5011,266	0,0	-39,6		00:35:18:736		
007:37:00,000	-40,0	15,8	16,5	-40,0	0,0	0,0	0,0	0,950	0,000	5011,454	0,0	-39,6		00:36:18:736		
007:38:00,000	-39,9	15,9	16,5	-39,9	0,0	0,0	0,0	0,950	0,000	5012,157	0,0	-39,6		00:37:18:736		
007:39:00,000	-39,8	15,9	16,5	-39,8	0,0	0,0	0,0	0,950	0,000	5011,605	0,0	-39,6		00:38:18:736		
007:40:00,000	-39,9	16,0	16,5	-39,9	0,0	0,0	0,0	0,950	0,000	5012,121	0,0	-39,6		00:39:18:736		
007:41:00,000	-40,0	16,0	16,5	-40,0	0,0	0,0	0,0	0,950	0,000	5012,083	0,0	-39,8		00:40:18:736		
007:42:00,000	-40,0	16,0	16,5	-40,0	0,0	0,0	0,0	0,950	0,000	5011,422	0,0	-40,0		00:41:18:736		
007:43:00,000	-40,0	15,8	16,5	-40,0	0,0	0,0	0,0	0,950	0,000	5011,333	0,0	-39,5		00:42:18:736		
007:44:00,000	-40,0	15,7	16,5	-40,0	0,0	0,0	0,0	0,950	0,000	5012,092	0,0	-39,9		00:43:18:736		
007:45:00,000	-40,0	15,7	16,5	-40,0	0,0	0,0	0,0	0,950	0,000	5010,944	0,0	-39,8		00:44:18:736		
007:46:00,000	-39,9	15,6	16,5	-39,9	0,0	0,0	0,0	0,950	0,000	5010,750	0,0	-39,8		00:45:18:736		
007:47:00,000	-40,0	15,5	16,5	-40,0	0,0	0,0	0,0	0,950	0,000	5010,621	0,0	-39,6		00:46:18:736		
007:48:00,000	-40,0	15,5	16,5	-40,0	0,0	0,0	0,0	0,950	0,000	5011,759	0,0	-39,7		00:47:18:736		
007:49:00,000	-40,2	15,5	16,5	-40,2	0,0	0,0	0,0	0,950	0,000	5010,431	0,0	-40,0		00:48:18:736		
007:50:00,000	-40,4	15,6	16,5	-40,4	0,0	0,0	0,0	0,950	0,000	5012,102	0,0	-40,0		00:49:18:736		
007:51:00,000	-40,3	15,6	16,5	-40,3	0,0	0,0	0,0	0,950	0,000	5011,685	0,0	-40,1		00:50:18:736		
007:52:00,000	-40,2	15,6	16,5	-40,2	0,0	0,0	0,0	0,950	0,000	5011,385	0,0	-40,0		00:51:18:736		
007:53:00,000	-40,1	15,5	16,5	-40,1	0,0	0,0	0,0	0,950	0,000	5010,306	0,0	-40,0		00:52:18:736		
007:54:00,000	-40,0	15,4	16,4	-40,0	0,0	0,0	0,0	0,950	0,000	5011,204	0,0	-39,8		00:53:18:736		
007:55:00,000	-39,8	15,4	16,4	-39,8	0,0	0,0	0,0	0,950	0,000	5010,284	0,0	-39,6		00:54:18:736		
007:56:00,000	-39,5	15,3	16,3	-39,5	0,0	0,0	0,0	0,950	0,000	5011,065	0,0	-39,2		00:55:18:736		
007:57:00,000	-39,4	15,3	16,3	-39,4	0,0	0,0	0,0	0,950	0,000	5010,194	0,0	-39,1		00:56:18:736		
007:58:00,000	-39,3	15,3	16,3	-39,3	0,0	0,0	0,0	0,950	0,000	5010,963	0,0	-39,2		00:57:18:736		
007:59:00,000	-39,3	15,3	16,3	-39,3	0,0	0,0	0,0	0,950	0,000	5011,000	0,0	-39,1		00:58:18:736		
008:00:00,000	-39,6	15,2	16,3	-39,6	0,0	0,0	0,0	0,950	0,000	5010,963	0,0	-39,5		00:59:18:736		
008:01:00,000	-39,7	15,2	16,3	-39,7	0,0	0,0	0,0	0,950	0,000	5011,284	0,0	-39,5		01:00:18:736		
008:02:00,000	-39,7	15,2	16,3	-39,7	0,0	0,0	0,0	0,950	0,000	5010,833	0,0	-39,5		01:01:18:736		
008:03:00,000	-39,9	15,1	16,2	-39,9	0,0	0,0	0,0	0,950	0,000	5011,019	0,0	-39,8		01:02:18:736		
008:04:00,000	-40,0	15,1	16,1	-40,0	0,0	0,0	0,0	0,950	0,000	5009,945	0,0	-39,9		01:03:18:736		
008:05:00,000	-40,3	15,0	16,1	-40,3	0,0	0,0	0,0	0,950	0,000	5009,871	0,0	-40,0		01:04:18:736		
008:06:00,000	-40,3	15,0	16,1	-40,3	0,0	0,0	0,0	0,950	0,000	5010,121	0,0	-40,1		01:05:18:736		
008:07:00,000	-40,2	15,0	16,1	-40,2	0,0	0,0	0,0	0,950	0,000	5010,046	0,0	-39,9		01:06:18:736		
008:08:00,000	-40,1	15,0	16,0	-40,1	0,0	0,0	0,0	0,950	0,000	5011,321	0,0	-40,1		01:07:18:736		
008:09:00,000	-40,0	15,0	16,0	-40,0	0,0	0,0	0,0	0,950	0,000	5010,176	0,0	-39,8		01:08:18:736		
008:10:00,000	-39,8	14,9	16,0	-39,8	0,0	0,0	0,0	0,950	0,000	5009,676	0,0	-39,6		01:09:18:736		
008:11:00,000	-39,7	14,8	15,9	-39,7	0,0	0,0	0,0	0,950	0,000	5009,697	0,0	-39,6		01:10:18:736		
008:12:00,000	-39,6	14,8	15,8	-39,5	0,0	0,0	0,0	0,950	0,000	5009,676	0,0	-39,3		01:11:18:736		
008:13:00,000	-39,5	14,8	15,8	-39,5	0,0	0,0	0,0	0,950	0,000	5009,954	0,0	-39,1		01:12:18:736		
008:14:00,000	-39,6	14,8	15,8	-39,5	0,0	0,0	0,0	0,950	0,000	5009,679	0,0	-39,4		01:13:18:736		
008:15:00,000	-39,7	14,8	15,8	-39,6	0,0	0,0	0,0	0,950	0,000	5009,991	0,0	-39,5		01:14:18:736		
008:16:00,000	-39,5	14,8	15,8	-39,5	0,0	0,0	0,0	0,950	0,000	5010,458	0,0	-39,4		01:15:18:736		
008:17:00,000	-39,4	14,8	15,8	-39,4	0,0	0,0	0,0	0,950	0,000	5010,621	0,0	-39,1		01:16:18:736		
008:18:00,000	-39,3	14,8	15,8	-39,3	0,0	0,0	0,0	0,950	0,000	5010,028	0,0	-39,1		01:17:18:736		
008:19:00,000	-39,2	14,8	15,8	-39,2	0,0	0,0	0,0	0,950	0,000	5009,661	0,0	-38,9		01:18:18:736		
008:20:00,000	-39,2	14,8	15,8	-39,2	0,0	0,0	0,0	0,950	0,000	5010,907	0,0	-39,0		01:19:18:736		
008:21:00,000	-39,2	14,8	15,8	-39,2	0,0	0,0	0,0	0,950	0,000	5009,806	0,0	-38,9		01:20:18:736		
008:22:00,000	-39,2	14,7	15,8	-39,2	0,0	0,0	0,0	0,950	0,000	5009,704	0,0	-39,2		01:21:18:736		
008:23:00,000	-39,2	14,7	15,7	-39,2	0,0	0,0	0,0	0,950	0,000	5009,861	0,0	-38,9		01:22:18:736		
008:24:00,000	-38,9	14,6	15,7	-38,9	0,0	0,0	0,0	0,950	0,000	5009,176	0,0	-38,8		01:23:18:736		
008:25:00,000	-36,0	14,6	15,7	-36,0	0,0	0,0	0,0	0,950	0,000	5010,367	0,0	-35,8		01:24:18:736		
008:26:00,000	-39,1	14,6	15,7	-39,1	0,0	0,0	0,0	0,950	0,000	5010,871	0,0	-38,9		01:25:18:736		
008:27:00,000	-38,6	14,6	15,7	-38,6	0,0	0,0	0,0	0,950	0,000	5009,615	0,0	-38,3		01:26:18:736		
008:28:00,000	-38,5	14,6	15,7	-38,5	0,0	0,0	0,0	0,950	0,000	5010,602	0,0	-38,2		01:27:18:736		
008:29:00,000	-38,8	14,6	15,7	-38,8	0,0	0,0	0,0	0,950	0,000	5010,121	0,0	-38,7		01:28:18:736		
008:30:00,000	-39,0	14,6	15,7	-39,0	0,0	0,0	0,0	0,950	0,000	5010,333	0,0	-39,0		01:29:18:736		
008:31:00,000	-38,5	14,7	15,7	-38,5	0,0	0,0	0,0	0,950	0,000	5010,532	0,0	-38,2		01:30:18:736		
008:32:00,000	-38,6	14,7	15,7	-38,6	0,0	0,0	0,0	0,950	0,000	5010,213	0,0	-38,3		01:31:18:736		
008:33:00,000	-37,4	14,8	15,7	-37,4	0,0	0,0	0,0	0,950	0,000	5008,871	0,0	-37,3		01:32:18:736		
008:34:00,000	-35,5	14,8	15,7	-35,5	0,0	0,0	0,0	0,950	0,000	5010,798	0,0	-35,2		01:33:18:736		
008:35:00,000	-37,8	14,8	15,7	-37,8	0,0	0,0	0,0	0,950	0,000	5010,213	0,0	-37,7		01:34:18:736		
008:36:00,000	-39,0	14,8	15,7	-39,0	0,0	0,0	0,0	0,950	0,000	5010,303	0,0	-38,9		01:35:18:736		
008:37:00,000	-39,2	14,7	15,7	-39,2	0,0	0,0	0,0	0,950	0,000	5009,935	0,0	-38,9		01:36:18:736		
008:38:00,000	-39,4	14,7	15,7	-39,4	0,0	0,0	0,0	0,950	0,000	5010,019	0,0	-39,2		01:37:18:736		
008:39:00,000	-39,5	14,7	15,7	-39,5	0,0	0,0	0,0	0,950	0,000	5009,523	0,0	-39,2		01:38:18:736		
008:40:00,000	-39,5	14,7	15,7	-39,5	0,0	0,0	0,0	0,950	0,000	5009,871	0,0	-39,2		01:39:18:736		
008:41:00,000	-39,5	14,6	15,7	-39,5	0,0	0,0	0,0	0,950	0,000	5010,426	0,0	-39,2		01:40:18:736		
008:42:00,000	-39,4	14,6	15,7	-39,4	0,0	0,0	0,0	0,950	0,000	5008,713	0,0	-39,3		01:41:18:736		
008:43:00,000	-39,2	14,6	15,7	-39,2	0,0	0,0	0,0	0,950	0,000	5009,752	0,0	-39,0		01:42:18:736		
008:44:00,000	-39,2	14,7	15,7	-39,1	0,0	0,0	0,0	0,950	0,000	5010,083	0,0	-38,9		01:43:18:736		
008:45:00,000	-38,5	14,6	15,7	-38,5	0,0	0,0	0,0	0,950	0,000	5009,596	0,0	-38,2		01:44:18:736		
008:46:00,000	-38,5	14,6	15,7	-38,5	0,0	0,0	0,0	0,950	0,000	5010,176	0,0	-38,3		01:45:18:736		
008:47:00,000	-39,2	14,5	15,6	-39,2	0,0	0,0	0,0	0,950	0,000	5009,509	0,0	-39,1		01:46:18:736		
008:48:00,000	-38,7	14,5	15,6	-38,7	0,0	0,0	0,0	0,950	0,000	5011,009	0,0	-38,5		01:47:18:736		
008:49:00,000	-34,9	14,5	15,6	-34,9	0,0	0,0	0,0	0,950	0,000	5009,667	0,0	-34,8		01:48:18:736		
008:50:00,000	-19,2	14,5	15,6	-19,2	0,0	0,0	0,0	0,950	0,000	5009,954	0,0	-19,0		01:49:18:736		
008:51:00,000	-5,8	14,5	15,6	-5,8	0,0	0,0	0,0	0,950	0,000	5009,917	0,0	-5,7		01:50:18:736		
008:52:00,000	-5,2	14,5	15,5	-5,2	0,0	0,0	0,0	0,950	0,000	5009,463	0,0	-5,1		01:51:18:736		
008:53:00,000	-21,0	14,5	15,5	-21,0	0,0	0,0	0,0	0,950	0,000	5009,685	0,0	-20,9		01:52:18:736		
008:54:00,000	-3,3	14,5	15,5	-3,3	0,0	0,0	0,0	0,950	0,000	5009,361	0,0	-3,1		01:53:18:736		
008:55:00,000	-2,4	14,5	15,5	-2,4	0,0	0,0	0,0	0,950	0,000	5009,431	0,0	-2,4		01:54:18:736		
008:56:00,000	-9,7	14,5	15,5	-9,7	0,0	0,0	0,0	0,950	0,000	5009,972	0,0	-9,6		01:55:18:736		
008:57:00,000	-9,4	14,5	15,5	-9,4	0,0	0,0	0,0	0,950	0,000	5009,046	0,0	-9,2		01:56:18:736		
008:58:00,000	-15,9	14,5	15,5	-15,9	0,0	0,0	0,0	0,950	0,000	5010,019	0,0	-15,9		01:57:18:736		
008:59:00,000	-31,7	14,5	15,5	-31,7	0,0	0,0	0,0	0,950	0,000	5010,278	0,0	-31,5		01:58:18:736		
009:00:00,000	-35,5	14,5	15,5	-35,5	0,0	0,0	0,0	0,950	0,000	5009,605	0,0	-35,3		01:59:18:736		
009:01:00,000	-30,7	14,5	15,5	-30,7	0,0	0,0	0,0	0,950	0,000	5010,129	0,0	-30,4		02:00:18:736		
009:02:00,000	-16,1	14,5	15,5	-16,1	0,0	0,0	0,0	0,950	0,000	5009,679	0,0	-16,0		02:01:18:736		
009:03:00,000	-29,3	14,5	15,5	-29,3	0,0	0,0	0,0	0,950	0,000	5010,519	0,0	-29,3		02:02:18:736		
009:04:00,000	-29,1	14,5	15,5	-29,1	0,0	0,0	0,0	0,950	0,000	5009,324	0,0	-29,1		02:03:18:736		
009:05:00,000	-19,3	14,5	15,5	-19,3	0,0	0,0	0,0	0,950	0,000	5009,843	0,0	-19,2		02:04:18:736		
009:06:00,000	-11,2	14,5	15,5	-11,2	0,0	0,0	0,0	0,950	0,000	5010,046	0,0	-11,0		02:05:18:736		
009:07:00,000	-14,7	14,4	15,5	-14,7	0,0	0,0	0,0	0,950	0,000	5009,981	0,0	-14,6		02:06:18:736		
009:08:00,000	-24,8	14,4	15,5	-24,8	0,0	0,0	0,0	0,950	0,000	5010,556	0,0	-24,5		02:07:18:736		
009:09:00,000	-37,6	14,4	15,5	-37,5	0,0	0,0	0,0	0,950	0,000	5010,287	0,0	-37,3		02:08:18:736		
009:10:00,000	-38,5	14,3	15,5	-38,5	0,0	0,0	0,0	0,950	0,000	5009,872	0,0	-38,3		02:09:18:736		
009:11:00,000	-38,8	14,3	15,4	-38,8	0,0	0,0	0,0	0,950	0,000	5009,537	0,0	-38,4		02:10:18:736		
009:12:00,000	-39,0	14,3	15,4	-39,0	0,0	0,0	0,0	0,950	0,000	5009,611	0,0	-38,8		02:11:18:736		
009:13:00,000	-39,0	14,2	15,4	-39,0	0,0	0,0	0,0	0,950	0,000	5009,477	0,0	-38,9		02:12:18:736		
009:14:00,000	-39,0	14,2	15,3	-39,0	0,0	0,0	0,0	0,950	0,000	5008,843	0,0	-38,8		02:13:18:736		
009:15:00,000	-39,1	14,2	15,3	-39,1	0,0	0,0	0,0	0,950	0,000	5009,560	0,0	-39,0		02:14:18:736		
009:16:00,000	-39,3	14,1	15,3	-39,3	0,0	0,0	0,0	0,950	0,000	5009,629	0,0	-39,1		02:15:18:736		
009:17:00,000	-38,9	14,1	15,2	-38,9	0,0	0,0	0,0	0,950	0,000	5009,593	0,0	-38,8		02:16:18:736		
009:18:00,000	-38,0	14,1	15,2	-38,0	0,0	0,0	0,0	0,950	0,000	5008,731	0,0	-38,0		02:17:18:736		
009:19:00,000	-38,6	14,1	15,2	-38,6	0,0	0,0	0,0	0,950	0,000	5009,500	0,0	-38,4		02:18:18:736		
009:20:00,000	-38,9	14,0	15,2	-38,9	0,0	0,0	0,0	0,950	0,000	5009,532	0,0	-38,7		02:19:18:736		
009:21:00,000	-34,9	14,0	15,2	-34,9	0,0	0,0	0,0	0,950	0,000	5009,611	0,0	-34,6		02:20:18:736		
009:22:00,000	-34,4	14,0	15,2	-34,4	0,0	0,0	0,0	0,950	0,000	5009,056	0,0	-34,2		02:21:18:736		
009:23:00,000	-36,9	14,0	15,1	-36,9	0,0	0,0	0,0	0,950	0,000	5010,009	0,0	-36,7		02:22:18:736		
009:24:00,000	-37,1	14,0	15,1	-37,1	0,0	0,0	0,0	0,950	0,000	5009,278	0,0	-37,0		02:23:18:736		
009:25:00,000	-35,4	13,9	15,1	-35,4	0,0	0,0	0,0	0,950	0,000	5009,211	0,0	-35,2		02:24:18:736		
009:26:00,000	-37,0	13,9	15,1	-37,0	0,0	0,0	0,0	0,950	0,000	5009,806	0,0	-36,9		02:25:18:736		
009:27:00,000	-38,7	13,9	15,1	-38,7	0,0	0,0	0,0	0,950	0,000	5008,621	0,0	-38,6		02:26:18:736		
009:28:00,000	-32,2	13,9	15,0	-32,2	0,0	0,0	0,0	0,950	0,000	5009,472	0,0	-32,2		02:27:18:736		
009:29:00,000	-34,9	13,9	15,0	-34,9	0,0	0,0	0,0	0,950	0,000	5009,611	0,0	-34,9		02:28:18:736		
009:30:00,000	-37,6	13,9	15,0	-37,6	0,0	0,0	0,0	0,950	0,000	5008,844	0,0	-37,4		02:29:18:736		
009:31:00,000	-38,9	13,9	15,0	-38,9	0,0	0,0	0,0	0,950	0,000	5009,185	0,0	-38,8		02:30:18:736		
009:32:00,000	-39,0	13,9	15,0	-38,9	0,0	0,0	0,0	0,950	0,000	5009,306	0,0	-38,8		02:31:18:736		
009:33:00,000	-39,0	14,1	15,0	-39,0	0,0	0,0	0,0	0,950	0,000	5009,963	0,0	-38,9		02:32:18:736		
009:34:00,000	-39,1	14,1	15,0	-39,1	0,0	0,0	0,0	0,950	0,000	5008,815	0,0	-39,1		02:33:18:736		
009:35:00,000	-39,1	14,0	15,0	-39,1	0,0	0,0	0,0	0,950	0,000	5008,275	0,0	-38,9		02:34:18:736		
009:36:00,000	-39,0	13,9	15,0	-39,0	0,0	0,0	0,0	0,950	0,000	5008,509	0,0	-38,8		02:35:18:736		
009:37:00,000	-39,0	13,9	15,0	-39,0	0,0	0,0	0,0	0,950	0,000	5008,731	0,0	-38,9		02:36:18:736		
009:38:00,000	-39,0	13,8	15,0	-39,0	0,0	0,0	0,0	0,950	0,000	5009,056	0,0	-38,8		02:37:18:736		
009:39:00,000	-36,0	13,8	15,0	-36,0	0,0	0,0	0,0	0,950	0,000	5009,257	0,0	-35,9		02:38:18:736		
009:40:00,000	-37,4	13,8	15,0	-37,4	0,0	0,0	0,0	0,950	0,000	5009,481	0,0	-37,2		02:39:18:736		
009:41:00,000	-38,7	14,0	15,0	-38,6	0,0	0,0	0,0	0,950	0,000	5009,352	0,0	-38,6		02:40:18:736		
009:42:00,000	-35,2	14,1	15,0	-35,2	0,0	0,0	0,0	0,950	0,000	5009,688	0,0	-35,1		02:41:18:736		
009:43:00,000	-28,4	14,2	15,0	-28,4	0,0	0,0	0,0	0,950	0,000	5009,731	0,0	-28,4		02:42:18:736		
009:44:00,000	-16,2	14,2	15,0	-16,2	0,0	0,0	0,0	0,950	0,000	5009,121	0,0	-16,0		02:43:18:736		
009:45:00,000	-14,3	14,2	15,0	-14,3	0,0	0,0	0,0	0,950	0,000	5009,385	0,0	-14,4		02:44:18:736		
009:46:00,000	-34,1	14,2	15,0	-34,1	0,0	0,0	0,0	0,950	0,000	5009,296	0,0	-33,9		02:45:18:736		
009:47:00,000	-26,3	14,1	15,0	-26,3	0,0	0,0	0,0	0,950	0,000	5009,074	0,0	-26,4		02:46:18:736		
009:48:00,000	-32,3	14,0	15,0	-32,3	0,0	0,0	0,0	0,950	0,000	5008,889	0,0	-32,2		02:47:18:736		
009:49:00,000	-16,3	14,0	15,0	-16,3	0,0	0,0	0,0	0,950	0,000	5008,642	0,0	-16,3		02:48:18:736		
009:50:00,000	-14,7	14,0	15,0	-14,8	0,0	0,0	0,0	0,950	0,000	5008,926	0,0	-14,8		02:49:18:736		
009:51:00,000	-18,7	13,9	15,0	-18,7	0,0	0,0	0,0	0,950	0,000	5009,167	0,0	-18,6		02:50:18:736		
009:52:00,000	-37,3	13,9	15,0	-37,3	0,0	0,0	0,0	0,950	0,000	5008,871	0,0	-37,2		02:51:18:736		
009:53:00,000	-39,9	13,9	15,0	-39,9	0,0	0,0	0,0	0,950	0,000	5008,890	0,0	-39,8		02:52:18:736		
009:54:00,000	-39,8	13,9	15,0	-39,8	0,0	0,0	0,0	0,950	0,000	5008,185	0,0	-39,6		02:53:18:736		
009:55:00,000	-39,6	13,9	15,0	-39,6	0,0	0,0	0,0	0,950	0,000	5008,194	0,0	-39,4		02:54:18:736		
009:56:00,000	-40,0	13,9	15,0	-40,0	0,0	0,0	0,0	0,950	0,000	5009,121	0,0	-39,8		02:55:18:736		
009:57:00,000	-39,9	13,9	15,0	-39,9	0,0	0,0	0,0	0,950	0,000	5008,981	0,0	-39,8		02:56:18:736		
009:58:00,000	-39,4	13,9	15,0	-39,4	0,0	0,0	0,0	0,950	0,000	5008,287	0,0	-39,3		02:57:18:736		
009:59:00,000	-39,6	13,8	15,0	-39,6	0,0	0,0	0,0	0,950	0,000	5008,621	0,0	-39,4		02:58:18:736		
010:00:00,000	-39,6	13,8	15,0	-39,6	0,0	0,0	0,0	0,950	0,000	5009,019	0,0	-39,5		02:59:18:736		
010:01:00,000	-39,5	13,9	15,0	-39,5	0,0	0,0	0,0	0,950	0,000	5010,092	0,0	-39,4		03:00:18:736		
010:02:00,000	-39,8	13,9	15,0	-39,8	0,0	0,0	0,0	0,950	0,000	5009,398	0,0	-39,6		03:01:18:736		
010:03:00,000	-39,8	13,9	15,0	-39,8	0,0	0,0	0,0	0,950	0,000	5009,324	0,0	-39,7		03:02:18:736		
010:04:00,000	-39,8	13,9	15,0	-39,8	0,0	0,0	0,0	0,950	0,000	5008,667	0,0	-39,8		03:03:18:736		
010:05:00,000	-39,7	13,9	15,0	-39,7	0,0	0,0	0,0	0,950	0,000	5009,257	0,0	-39,5		03:04:18:736		
010:06:00,000	-39,5	13,9	15,0	-39,5	0,0	0,0	0,0	0,950	0,000	5008,509	0,0	-39,2		03:05:18:736		
010:07:00,000	-39,4	13,9	15,0	-39,4	0,0	0,0	0,0	0,950	0,000	5008,651	0,0	-39,4		03:06:18:736		
010:08:00,000	-39,3	13,9	15,0	-39,3	0,0	0,0	0,0	0,950	0,000	5009,000	0,0	-39,1		03:07:18:736		
010:09:00,000	-39,0	14,0	15,0	-39,0	0,0	0,0	0,0	0,950	0,000	5009,694	0,0	-38,8		03:08:18:736		
010:10:00,000	-39,6	14,0	15,0	-39,6	0,0	0,0	0,0	0,950	0,000	5008,861	0,0	-39,5		03:09:18:736		
010:11:00,000	-39,8	14,0	15,0	-39,8	0,0	0,0	0,0	0,950	0,000	5009,376	0,0	-39,7		03:10:18:736		
010:12:00,000	-39,7	14,0	15,0	-39,7	0,0	0,0	0,0	0,950	0,000	5008,093	0,0	-39,5		03:11:18:736		
010:13:00,000	-39,4	14,0	15,0	-39,4	0,0	0,0	0,0	0,950	0,000	5009,185	0,0	-39,3		03:12:18:736		
010:14:00,000	-39,3	13,9	15,0	-39,3	0,0	0,0	0,0	0,950	0,000	5008,458	0,0	-39,0		03:13:18:736		
010:15:00,000	-39,5	13,9	15,0	-39,4	0,0	0,0	0,0	0,950	0,000	5008,852	0,0	-39,4		03:14:18:736		
010:16:00,000	-36,4	13,9	15,0	-36,4	0,0	0,0	0,0	0,950	0,000	5008,861	0,0	-36,2		03:15:18:736		
010:17:00,000	-37,5	13,9	15,0	-37,5	0,0	0,0	0,0	0,950	0,000	5008,879	0,0	-37,2		03:16:18:736		
010:18:00,000	-31,6	13,9	15,0	-31,6	0,0	0,0	0,0	0,950	0,000	5009,426	0,0	-31,5		03:17:18:736		
010:19:00,000	-31,4	13,8	14,9	-31,4	0,0	0,0	0,0	0,950	0,000	5009,092	0,0	-31,1		03:18:18:736		
010:20:00,000	-30,6	13,7	14,8	-30,6	0,0	0,0	0,0	0,950	0,000	5008,676	0,0	-30,6		03:19:18:736		
010:21:00,000	-37,5	13,5	14,7	-37,5	0,0	0,0	0,0	0,950	0,000	5007,917	0,0	-37,3		03:20:18:736		
010:22:00,000	-23,8	13,5	14,7	-23,8	0,0	0,0	0,0	0,950	0,000	5008,138	0,0	-23,4		03:21:18:736		
010:23:00,000	2,5	13,5	14,7	2,5	0,0	0,0	0,0	0,950	0,000	5008,389	0,0	2,6		03:22:18:736		
010:24:00,000	-9,7	13,5	14,7	-9,7	0,0	0,0	0,0	0,950	0,000	5008,422	0,0	-9,6		03:23:18:736		
010:25:00,000	-13,0	13,6	14,7	-13,0	0,0	0,0	0,0	0,950	0,000	5009,129	0,0	-12,8		03:24:18:736		
010:26:00,000	-14,7	13,6	14,7	-14,7	0,0	0,0	0,0	0,950	0,000	5010,759	0,0	-14,5		03:25:18:736		
010:27:00,000	-32,0	13,6	14,7	-32,0	0,0	0,0	0,0	0,950	0,000	5013,879	0,0	-31,8		03:26:18:736		
010:28:00,000	-39,5	13,6	14,7	-39,5	0,0	0,0	0,0	0,950	0,000	5020,954	0,0	-39,4		03:27:18:736		
010:29:00,000	-40,2	13,6	14,7	-40,2	0,0	0,0	0,0	0,950	0,000	5011,871	0,0	-39,9		03:28:18:736		
010:30:00,000	-40,1	13,6	14,7	-40,1	0,0	0,0	0,0	0,950	0,000	5009,055	0,0	-39,8		03:29:18:736		
010:31:00,000	-40,1	13,5	14,7	-40,1	0,0	0,0	0,0	0,950	0,000	5008,259	0,0	-39,9		03:30:18:736		
010:32:00,000	-39,9	13,5	14,6	-39,9	0,0	0,0	0,0	0,950	0,000	5009,157	0,0	-39,8		03:31:18:736		
010:33:00,000	-39,9	13,4	14,6	-39,9	0,0	0,0	0,0	0,950	0,000	5008,605	0,0	-39,7		03:32:18:736		
010:34:00,000	-39,9	13,4	14,6	-39,9	0,0	0,0	0,0	0,950	0,000	5008,898	0,0	-39,6		03:33:18:736		
010:35:00,000	-39,9	13,5	14,6	-39,9	0,0	0,0	0,0	0,950	0,000	5008,148	0,0	-39,7		03:34:18:736		
010:36:00,000	-39,7	13,7	14,6	-39,7	0,0	0,0	0,0	0,950	0,000	5008,648	0,0	-39,5		03:35:18:736		
010:37:00,000	-39,7	13,7	14,6	-39,7	0,0	0,0	0,0	0,950	0,000	5008,741	0,0	-39,5		03:36:18:736		
010:38:00,000	-39,8	13,7	14,6	-39,8	0,0	0,0	0,0	0,950	0,000	5009,093	0,0	-39,5		03:37:18:736		
010:39:00,000	-39,8	13,7	14,6	-39,8	0,0	0,0	0,0	0,950	0,000	5009,596	0,0	-39,8		03:38:18:736		
010:40:00,000	-40,0	13,7	14,6	-40,0	0,0	0,0	0,0	0,950	0,000	5008,519	0,0	-39,9		03:39:18:736		
010:41:00,000	-40,2	13,7	14,6	-40,2	0,0	0,0	0,0	0,950	0,000	5008,532	0,0	-40,0		03:40:18:736		
010:42:00,000	-40,3	13,7	14,6	-40,3	0,0	0,0	0,0	0,950	0,000	5009,065	0,0	-40,0		03:41:18:736		
010:43:00,000	-40,5	13,6	14,6	-40,5	0,0	0,0	0,0	0,950	0,000	5008,165	0,0	-40,4		03:42:18:736		
010:44:00,000	-40,8	13,5	14,6	-40,8	0,0	0,0	0,0	0,950	0,000	5009,083	0,0	-40,5		03:43:18:736		
010:45:00,000	-40,7	13,5	14,6	-40,7	0,0	0,0	0,0	0,950	0,000	5007,898	0,0	-40,4		03:44:18:736		
010:46:00,000	-40,5	13,5	14,6	-40,5	0,0	0,0	0,0	0,950	0,000	5008,339	0,0	-40,2		03:45:18:736		
010:47:00,000	-40,3	13,4	14,6	-40,3	0,0	0,0	0,0	0,950	0,000	5009,213	0,0	-40,1		03:46:18:736		
010:48:00,000	-40,2	13,4	14,6	-40,2	0,0	0,0	0,0	0,950	0,000	5008,935	0,0	-40,2		03:47:18:736		
010:49:00,000	-40,3	13,4	14,6	-40,3	0,0	0,0	0,0	0,950	0,000	5008,092	0,0	-40,0		03:48:18:736		
010:50:00,000	-40,3	13,4	14,6	-40,3	0,0	0,0	0,0	0,950	0,000	5007,796	0,0	-40,1		03:49:18:736		
010:51:00,000	-40,1	13,6	14,6	-40,1	0,0	0,0	0,0	0,950	0,000	5008,509	0,0	-39,9		03:50:18:736		
010:52:00,000	-40,2	13,8	14,6	-40,2	0,0	0,0	0,0	0,950	0,000	5008,514	0,0	-40,1		03:51:18:736		
010:53:00,000	-40,1	13,8	14,6	-40,0	0,0	0,0	0,0	0,950	0,000	5009,889	0,0	-40,1		03:52:18:736		
010:54:00,000	-40,1	13,9	14,6	-40,1	0,0	0,0	0,0	0,950	0,000	5009,167	0,0	-40,0		03:53:18:736		
010:55:00,000	-40,3	13,9	14,6	-40,2	0,0	0,0	0,0	0,950	0,000	5009,184	0,0	-40,0		03:54:18:736		
010:56:00,000	-40,4	13,8	14,6	-40,3	0,0	0,0	0,0	0,950	0,000	5009,167	0,0	-40,1		03:55:18:736		
010:57:00,000	-40,4	13,7	14,6	-40,4	0,0	0,0	0,0	0,950	0,000	5009,371	0,0	-40,2		03:56:18:736		
010:58:00,000	-40,3	13,6	14,6	-40,3	0,0	0,0	0,0	0,950	0,000	5009,000	0,0	-40,0		03:57:18:736		
010:59:00,000	-40,2	13,7	14,6	-40,2	0,0	0,0	0,0	0,950	0,000	5009,296	0,0	-40,0		03:58:18:736		
011:00:00,000	-40,3	13,7	14,6	-40,3	0,0	0,0	0,0	0,950	0,000	5008,734	0,0	-40,0		03:59:18:736		
011:01:00,000	-40,2	13,7	14,6	-40,2	0,0	0,0	0,0	0,950	0,000	5008,065	0,0	-39,9		04:00:18:736		
011:02:00,000	-40,4	13,6	14,6	-40,4	0,0	0,0	0,0	0,950	0,000	5009,074	0,0	-40,3		04:01:18:736		
011:03:00,000	-40,5	13,6	14,6	-40,5	0,0	0,0	0,0	0,950	0,000	5009,259	0,0	-40,1		04:02:18:736		
011:04:00,000	-40,7	13,5	14,6	-40,7	0,0	0,0	0,0	0,950	0,000	5008,064	0,0	-40,5		04:03:18:736		
011:05:00,000	-40,9	13,4	14,6	-40,9	0,0	0,0	0,0	0,950	0,000	5009,629	0,0	-40,8		04:04:18:736		
011:06:00,000	-40,9	13,4	14,6	-40,9	0,0	0,0	0,0	0,950	0,000	5007,927	0,0	-40,6		04:05:18:736		
011:07:00,000	-40,8	13,3	14,5	-40,8	0,0	0,0	0,0	0,950	0,000	5007,250	0,0	-40,6		04:06:18:736		
011:08:00,000	-40,5	13,3	14,5	-40,5	0,0	0,0	0,0	0,950	0,000	5007,944	0,0	-40,3		04:07:18:736		
011:09:00,000	-40,4	13,2	14,4	-40,4	0,0	0,0	0,0	0,950	0,000	5008,907	0,0	-40,3		04:08:18:736		
011:10:00,000	-40,5	13,2	14,4	-40,5	0,0	0,0	0,0	0,950	0,000	5008,431	0,0	-40,4		04:09:18:736		
011:11:00,000	-40,7	13,2	14,4	-40,7	0,0	0,0	0,0	0,950	0,000	5009,028	0,0	-40,6		04:10:18:736		
011:12:00,000	-40,6	13,2	14,4	-40,6	0,0	0,0	0,0	0,950	0,000	5008,385	0,0	-40,4		04:11:18:736		
011:13:00,000	-40,6	13,2	14,4	-40,6	0,0	0,0	0,0	0,950	0,000	5007,806	0,0	-40,5		04:12:18:736		
011:14:00,000	-40,7	13,2	14,4	-40,7	0,0	0,0	0,0	0,950	0,000	5008,204	0,0	-40,5		04:13:18:736		
011:15:00,000	-40,9	13,2	14,4	-40,9	0,0	0,0	0,0	0,950	0,000	5008,193	0,0	-40,7		04:14:18:736		
011:16:00,000	-41,1	13,2	14,4	-41,1	0,0	0,0	0,0	0,950	0,000	5008,241	0,0	-40,9		04:15:18:736		
011:17:00,000	-41,1	13,3	14,4	-41,1	0,0	0,0	0,0	0,950	0,000	5008,972	0,0	-41,0		04:16:18:736		
011:18:00,000	-40,9	13,3	14,4	-40,9	0,0	0,0	0,0	0,950	0,000	5008,139	0,0	-40,8		04:17:18:736		
011:19:00,000	-40,8	13,3	14,4	-40,7	0,0	0,0	0,0	0,950	0,000	5009,315	0,0	-40,6		04:18:18:736		
011:20:00,000	-40,7	13,3	14,4	-40,7	0,0	0,0	0,0	0,950	0,000	5007,661	0,0	-40,5		04:19:18:736		
011:21:00,000	-40,7	13,3	14,4	-40,7	0,0	0,0	0,0	0,950	0,000	5008,046	0,0	-40,6		04:20:18:736		
011:22:00,000	-40,7	13,4	14,4	-40,7	0,0	0,0	0,0	0,950	0,000	5008,722	0,0	-40,5		04:21:18:736		
011:23:00,000	-40,8	13,5	14,4	-40,8	0,0	0,0	0,0	0,950	0,000	5008,184	0,0	-40,7		04:22:18:736		
011:24:00,000	-40,9	13,6	14,4	-40,9	0,0	0,0	0,0	0,950	0,000	5008,824	0,0	-40,7		04:23:18:736		
011:25:00,000	-41,1	13,5	14,4	-41,1	0,0	0,0	0,0	0,950	0,000	5008,037	0,0	-41,1		04:24:18:736		
011:26:00,000	-40,9	13,5	14,4	-40,9	0,0	0,0	0,0	0,950	0,000	5008,542	0,0	-40,7		04:25:18:736		
011:27:00,000	-40,8	13,6	14,4	-40,8	0,0	0,0	0,0	0,950	0,000	5009,472	0,0	-40,5		04:26:18:736		
011:28:00,000	-40,7	13,6	14,4	-40,7	0,0	0,0	0,0	0,950	0,000	5008,139	0,0	-40,4		04:27:18:736		
011:29:00,000	-40,5	13,7	14,4	-40,5	0,0	0,0	0,0	0,950	0,000	5009,440	0,0	-40,5		04:28:18:736		
011:30:00,000	-40,4	13,8	14,4	-40,4	0,0	0,0	0,0	0,950	0,000	5008,500	0,0	-40,2		04:29:18:736		
011:31:00,000	-40,3	13,8	14,4	-40,3	0,0	0,0	0,0	0,950	0,000	5008,852	0,0	-39,9		04:30:18:736		
011:32:00,000	-40,1	13,9	14,4	-40,1	0,0	0,0	0,0	0,950	0,000	5008,367	0,0	-40,1		04:31:18:736		
011:33:00,000	-40,1	13,9	14,5	-40,1	0,0	0,0	0,0	0,950	0,000	5009,167	0,0	-39,9		04:32:18:736		
011:34:00,000	-39,9	13,8	14,5	-39,9	0,0	0,0	0,0	0,950	0,000	5008,184	0,0	-39,7		04:33:18:736		
011:35:00,000	-39,9	13,8	14,5	-39,9	0,0	0,0	0,0	0,950	0,000	5008,324	0,0	-39,6		04:34:18:736		
011:36:00,000	-39,9	13,8	14,5	-39,9	0,0	0,0	0,0	0,950	0,000	5009,231	0,0	-39,8		04:35:18:736		
011:37:00,000	-39,9	13,9	14,5	-39,9	0,0	0,0	0,0	0,950	0,000	5008,422	0,0	-39,7		04:36:18:736		
011:38:00,000	-39,9	14,1	14,6	-39,9	0,0	0,0	0,0	0,950	0,000	5009,991	0,0	-39,7		04:37:18:736		
011:39:00,000	-40,3	14,0	14,7	-40,3	0,0	0,0	0,0	0,950	0,000	5009,963	0,0	-40,1		04:38:18:736		
011:40:00,000	-40,3	14,0	14,7	-40,3	0,0	0,0	0,0	0,950	0,000	5008,734	0,0	-40,2		04:39:18:736		
011:41:00,000	-40,4	13,9	14,7	-40,4	0,0	0,0	0,0	0,950	0,000	5008,583	0,0	-40,3		04:40:18:736		
011:42:00,000	-40,4	13,9	14,7	-40,4	0,0	0,0	0,0	0,950	0,000	5009,333	0,0	-40,2		04:41:18:736		
011:43:00,000	-40,5	13,8	14,7	-40,5	0,0	0,0	0,0	0,950	0,000	5008,716	0,0	-40,2		04:42:18:736		
011:44:00,000	-40,6	13,8	14,7	-40,6	0,0	0,0	0,0	0,950	0,000	5008,324	0,0	-40,5		04:43:18:736		
011:45:00,000	-40,4	13,8	14,7	-40,4	0,0	0,0	0,0	0,950	0,000	5009,065	0,0	-40,2		04:44:18:736		
011:46:00,000	-40,4	13,8	14,7	-40,4	0,0	0,0	0,0	0,950	0,000	5008,257	0,0	-40,2		04:45:18:736		
011:47:00,000	-40,6	13,7	14,7	-40,6	0,0	0,0	0,0	0,950	0,000	5008,879	0,0	-40,4		04:46:18:736		
011:48:00,000	-40,7	13,7	14,7	-40,7	0,0	0,0	0,0	0,950	0,000	5009,037	0,0	-40,6		04:47:18:736		
011:49:00,000	-40,8	13,6	14,7	-40,8	0,0	0,0	0,0	0,950	0,000	5009,542	0,0	-40,6		04:48:18:736		
011:50:00,000	-40,6	13,5	14,7	-40,6	0,0	0,0	0,0	0,950	0,000	5008,296	0,0	-40,3		04:49:18:736		
011:51:00,000	-40,5	13,5	14,7	-40,5	0,0	0,0	0,0	0,950	0,000	5008,815	0,0	-40,4		04:50:18:736		
011:52:00,000	-40,3	13,6	14,7	-40,3	0,0	0,0	0,0	0,950	0,000	5008,716	0,0	-40,0		04:51:18:736		
011:53:00,000	-40,1	13,7	14,7	-40,0	0,0	0,0	0,0	0,950	0,000	5008,796	0,0	-39,9		04:52:18:736		
011:54:00,000	-40,1	13,8	14,7	-40,0	0,0	0,0	0,0	0,950	0,000	5008,806	0,0	-40,0		04:53:18:736		
011:55:00,000	-40,0	13,9	14,7	-40,0	0,0	0,0	0,0	0,950	0,000	5009,426	0,0	-39,7		04:54:18:736		
011:56:00,000	-40,1	13,9	14,7	-40,1	0,0	0,0	0,0	0,950	0,000	5008,917	0,0	-39,8		04:55:18:736		
011:57:00,000	-40,1	13,9	14,7	-40,1	0,0	0,0	0,0	0,950	0,000	5009,537	0,0	-40,1		04:56:18:736		
011:58:00,000	-40,1	13,9	14,7	-40,1	0,0	0,0	0,0	0,950	0,000	5008,963	0,0	-40,0		04:57:18:736		
011:59:00,000	-39,8	13,9	14,7	-39,8	0,0	0,0	0,0	0,950	0,000	5009,422	0,0	-39,4		04:58:18:736		
012:00:00,000	-39,0	13,9	14,7	-39,0	0,0	0,0	0,0	0,950	0,000	5008,324	0,0	-38,8		04:59:18:736		
012:01:00,000	-31,3	13,9	14,7	-31,3	0,0	0,0	0,0	0,950	0,000	5009,241	0,0	-31,2		05:00:18:736		
012:02:00,000	-35,5	13,8	14,7	-35,5	0,0	0,0	0,0	0,950	0,000	5008,537	0,0	-35,3		05:01:18:736		
012:03:00,000	-35,7	13,7	14,7	-35,7	0,0	0,0	0,0	0,950	0,000	5010,550	0,0	-35,6		05:02:18:736		
012:04:00,000	-29,3	13,7	14,7	-29,2	0,0	0,0	0,0	0,950	0,000	5009,000	0,0	-29,1		05:03:18:736		
012:05:00,000	-20,7	13,7	14,7	-20,7	0,0	0,0	0,0	0,950	0,000	5009,287	0,0	-20,4		05:04:18:736		
012:06:00,000	-5,4	13,9	14,7	-5,4	0,0	0,0	0,0	0,950	0,000	5009,055	0,0	-5,2		05:05:18:736		
012:07:00,000	-8,8	13,9	14,7	-8,8	0,0	0,0	0,0	0,950	0,000	5009,213	0,0	-8,8		05:06:18:736		
012:08:00,000	-28,2	14,0	14,7	-28,2	0,0	0,0	0,0	0,950	0,000	5008,679	0,0	-28,1		05:07:18:736		
012:09:00,000	-37,0	14,0	14,7	-37,0	0,0	0,0	0,0	0,950	0,000	5009,426	0,0	-36,8		05:08:18:736		
012:10:00,000	-39,1	14,0	14,7	-39,1	0,0	0,0	0,0	0,950	0,000	5010,398	0,0	-39,0		05:09:18:736		
012:11:00,000	-39,0	14,0	14,7	-39,0	0,0	0,0	0,0	0,950	0,000	5011,231	0,0	-38,8		05:10:18:736		
012:12:00,000	-26,0	14,1	14,7	-26,0	0,0	0,0	0,0	0,950	0,000	5010,358	0,0	-25,9		05:11:18:736		
012:13:00,000	-2,9	14,2	14,8	-2,9	0,0	0,0	0,0	0,950	0,000	5009,167	0,0	-2,8		05:12:18:736		
012:14:00,000	3,6	14,3	14,8	3,6	0,0	0,0	0,0	0,950	0,000	5009,621	0,0	3,6		05:13:18:736		
012:15:00,000	-0,9	14,4	15,0	-0,9	0,0	0,0	0,0	0,950	0,000	5009,532	0,0	-0,9		05:14:18:736		
012:16:00,000	-6,2	14,4	15,0	-6,2	0,0	0,0	0,0	0,950	0,000	5009,102	0,0	-6,1		05:15:18:736		
012:17:00,000	-17,3	14,5	15,1	-17,3	0,0	0,0	0,0	0,950	0,000	5009,395	0,0	-17,1		05:16:18:736		
012:18:00,000	-25,6	14,5	15,1	-25,6	0,0	0,0	0,0	0,950	0,000	5010,083	0,0	-25,6		05:17:18:736		
012:19:00,000	-29,1	14,5	15,1	-29,1	0,0	0,0	0,0	0,950	0,000	5010,667	0,0	-29,0		05:18:18:736		
012:20:00,000	-38,5	14,5	15,1	-38,4	0,0	0,0	0,0	0,950	0,000	5009,879	0,0	-38,3		05:19:18:736		
012:21:00,000	-38,0	14,5	15,1	-38,0	0,0	0,0	0,0	0,950	0,000	5008,981	0,0	-37,9		05:20:18:736		
012:22:00,000	-40,1	14,6	15,2	-40,1	0,0	0,0	0,0	0,950	0,000	5012,324	0,0	-40,1		05:21:18:736		
012:23:00,000	-40,4	14,6	15,2	-40,3	0,0	0,0	0,0	0,950	0,000	5009,981	0,0	-40,2		05:22:18:736		
012:24:00,000	-40,3	14,7	15,2	-40,3	0,0	0,0	0,0	0,950	0,000	5016,537	0,0	-40,2		05:23:18:736		
012:25:00,000	-40,4	14,7	15,2	-40,4	0,0	0,0	0,0	0,950	0,000	5011,852	0,0	-40,2		05:24:18:736		
012:26:00,000	-41,3	14,6	15,2	-41,3	0,0	0,0	0,0	0,950	0,000	5010,704	0,0	-41,0		05:25:18:736		
012:27:00,000	-41,8	14,6	15,2	-41,8	0,0	0,0	0,0	0,950	0,000	5011,278	0,0	-41,7		05:26:18:736		
012:28:00,000	-41,6	14,4	15,2	-41,6	0,0	0,0	0,0	0,950	0,000	5010,128	0,0	-41,4		05:27:18:736		
012:29:00,000	-41,2	14,4	15,2	-41,2	0,0	0,0	0,0	0,950	0,000	5011,194	0,0	-41,1		05:28:18:736		
012:30:00,000	-41,3	14,3	15,2	-41,3	0,0	0,0	0,0	0,950	0,000	5009,843	0,0	-41,1		05:29:18:736		
012:31:00,000	-40,7	14,1	15,2	-40,7	0,0	0,0	0,0	0,950	0,000	5008,954	0,0	-40,6		05:30:18:736		
012:32:00,000	-40,1	14,0	15,1	-40,1	0,0	0,0	0,0	0,950	0,000	5010,019	0,0	-39,9		05:31:18:736		
012:33:00,000	-40,1	14,1	15,1	-40,1	0,0	0,0	0,0	0,950	0,000	5009,312	0,0	-39,9		05:32:18:736		
012:34:00,000	-40,2	14,1	15,1	-40,2	0,0	0,0	0,0	0,950	0,000	5009,343	0,0	-40,2		05:33:18:736		
012:35:00,000	-40,4	14,1	15,1	-40,4	0,0	0,0	0,0	0,950	0,000	5009,194	0,0	-40,2		05:34:18:736		
012:36:00,000	-40,5	14,0	15,1	-40,5	0,0	0,0	0,0	0,950	0,000	5009,185	0,0	-40,4		05:35:18:736		
012:37:00,000	-40,5	14,0	15,1	-40,5	0,0	0,0	0,0	0,950	0,000	5008,542	0,0	-40,3		05:36:18:736		
012:38:00,000	-40,5	13,9	15,0	-40,5	0,0	0,0	0,0	0,950	0,000	5009,324	0,0	-40,4		05:37:18:736		
012:39:00,000	-40,4	13,9	15,0	-40,4	0,0	0,0	0,0	0,950	0,000	5009,296	0,0	-40,4		05:38:18:736		
012:40:00,000	-40,5	13,9	15,0	-40,5	0,0	0,0	0,0	0,950	0,000	5008,481	0,0	-40,3		05:39:18:736		
012:41:00,000	-40,3	13,9	15,0	-40,3	0,0	0,0	0,0	0,950	0,000	5008,816	0,0	-40,1		05:40:18:736		
012:42:00,000	-39,9	13,9	15,0	-39,9	0,0	0,0	0,0	0,950	0,000	5009,093	0,0	-39,8		05:41:18:736		
012:43:00,000	-39,6	13,9	15,0	-39,6	0,0	0,0	0,0	0,950	0,000	5009,019	0,0	-39,4		05:42:18:736		
012:44:00,000	-39,2	13,8	15,0	-39,2	0,0	0,0	0,0	0,950	0,000	5008,771	0,0	-39,2		05:43:18:736		
012:45:00,000	-39,5	13,8	14,9	-39,5	0,0	0,0	0,0	0,950	0,000	5009,111	0,0	-39,2		05:44:18:736		
012:46:00,000	-39,8	13,8	14,9	-39,8	0,0	0,0	0,0	0,950	0,000	5008,211	0,0	-39,6		05:45:18:736		
012:47:00,000	-40,1	13,9	14,9	-40,1	0,0	0,0	0,0	0,950	0,000	5009,129	0,0	-39,9		05:46:18:736		
012:48:00,000	-40,3	14,0	14,9	-40,3	0,0	0,0	0,0	0,950	0,000	5008,621	0,0	-40,4		05:47:18:736		
012:49:00,000	-39,3	14,0	14,9	-39,3	0,0	0,0	0,0	0,950	0,000	5009,752	0,0	-39,2		05:48:18:736		
012:50:00,000	-34,6	14,0	14,9	-34,6	0,0	0,0	0,0	0,950	0,000	5009,629	0,0	-34,3		05:49:18:736		
012:51:00,000	-33,2	14,1	14,9	-33,2	0,0	0,0	0,0	0,950	0,000	5009,546	0,0	-33,1		05:50:18:736		
012:52:00,000	-31,9	14,2	14,9	-31,9	0,0	0,0	0,0	0,950	0,000	5009,110	0,0	-31,6		05:51:18:736		
012:53:00,000	-25,6	14,2	14,9	-25,6	0,0	0,0	0,0	0,950	0,000	5008,963	0,0	-25,5		05:52:18:736		
012:54:00,000	-16,9	14,2	14,9	-16,9	0,0	0,0	0,0	0,950	0,000	5008,759	0,0	-16,6		05:53:18:736		
012:55:00,000	-13,0	14,2	14,9	-13,0	0,0	0,0	0,0	0,950	0,000	5008,945	0,0	-12,9		05:54:18:736		
012:56:00,000	-15,9	14,3	14,9	-15,8	0,0	0,0	0,0	0,950	0,000	5009,296	0,0	-15,6		05:55:18:736		
012:57:00,000	-15,0	14,3	14,9	-15,0	0,0	0,0	0,0	0,950	0,000	5009,629	0,0	-15,0		05:56:18:736		
012:58:00,000	-20,1	14,3	14,9	-20,1	0,0	0,0	0,0	0,950	0,000	5009,642	0,0	-20,0		05:57:18:736		
012:59:00,000	-24,6	14,4	15,0	-24,6	0,0	0,0	0,0	0,950	0,000	5009,713	0,0	-24,5		05:58:18:736		
013:00:00,000	-24,2	14,5	15,1	-24,2	0,0	0,0	0,0	0,950	0,000	5010,731	0,0	-24,1		05:59:18:736		
013:01:00,000	-25,6	14,6	15,1	-25,6	0,0	0,0	0,0	0,950	0,000	5009,981	0,0	-25,4		06:00:18:736		
013:02:00,000	-23,7	14,6	15,2	-23,7	0,0	0,0	0,0	0,950	0,000	5010,278	0,0	-23,7		06:01:18:736		
013:03:00,000	-12,2	14,5	15,2	-12,2	0,0	0,0	0,0	0,950	0,000	5008,463	0,0	-12,1		06:02:18:736		
013:04:00,000	-4,8	14,4	15,2	-4,8	0,0	0,0	0,0	0,950	0,000	5009,269	0,0	-4,8		06:03:18:736		
013:05:00,000	4,8	14,3	15,2	4,8	0,0	0,0	0,0	0,950	0,000	5009,824	0,0	4,9		06:04:18:736		
013:06:00,000	8,5	14,4	15,2	8,5	0,0	0,0	0,0	0,950	0,000	5009,844	0,0	8,6		06:05:18:736		
013:07:00,000	6,6	14,6	15,2	6,6	0,0	0,0	0,0	0,950	0,000	5009,676	0,0	6,6		06:06:18:736		
013:08:00,000	-2,8	14,6	15,2	-2,8	0,0	0,0	0,0	0,950	0,000	5009,954	0,0	-2,8		06:07:18:736		
013:09:00,000	-9,8	14,7	15,3	-9,8	0,0	0,0	0,0	0,950	0,000	5009,688	0,0	-9,7		06:08:18:736		
013:10:00,000	-14,0	14,7	15,3	-14,0	0,0	0,0	0,0	0,950	0,000	5009,602	0,0	-13,9		06:09:18:736		
013:11:00,000	-25,0	14,7	15,3	-25,0	0,0	0,0	0,0	0,950	0,000	5009,046	0,0	-25,0		06:10:18:736		
013:12:00,000	-33,7	14,7	15,3	-33,7	0,0	0,0	0,0	0,950	0,000	5010,741	0,0	-33,6		06:11:18:736		
013:13:00,000	-6,5	14,7	15,3	-6,4	0,0	0,0	0,0	0,950	0,000	5010,367	0,0	-6,3		06:12:18:736		
013:14:00,000	7,5	14,7	15,3	7,5	0,0	0,0	0,0	0,950	0,000	5010,093	0,0	7,7		06:13:18:736		
013:15:00,000	9,6	14,7	15,3	9,6	0,0	0,0	0,0	0,950	0,000	5010,250	0,0	9,7		06:14:18:736		
013:16:00,000	9,5	14,7	15,4	9,5	0,0	0,0	0,0	0,950	0,000	5010,165	0,0	9,6		06:15:18:736		
013:17:00,000	9,0	14,7	15,4	9,0	0,0	0,0	0,0	0,950	0,000	5009,583	0,0	9,0		06:16:18:736		
013:18:00,000	8,7	14,7	15,4	8,7	0,0	0,0	0,0	0,950	0,000	5009,935	0,0	8,8		06:17:18:736		
013:19:00,000	8,4	14,7	15,4	8,4	0,0	0,0	0,0	0,950	0,000	5010,321	0,0	8,4		06:18:18:736		
013:20:00,000	8,2	14,8	15,4	8,2	0,0	0,0	0,0	0,950	0,000	5010,833	0,0	8,2		06:19:18:736		
013:21:00,000	8,7	14,8	15,4	8,7	0,0	0,0	0,0	0,950	0,000	5010,222	0,0	8,8		06:20:18:736		
013:22:00,000	10,1	14,8	15,4	10,1	0,0	0,0	0,0	0,950	0,000	5009,398	0,0	10,2		06:21:18:736		
013:23:00,000	10,4	14,7	15,4	10,4	0,0	0,0	0,0	0,950	0,000	5009,422	0,0	10,5		06:22:18:736		
013:24:00,000	10,3	14,7	15,4	10,3	0,0	0,0	0,0	0,950	0,000	5009,713	0,0	10,3		06:23:18:736		
013:25:00,000	10,1	14,7	15,4	10,1	0,0	0,0	0,0	0,950	0,000	5010,532	0,0	10,2		06:24:18:736		
013:26:00,000	9,5	14,7	15,4	9,5	0,0	0,0	0,0	0,950	0,000	5009,778	0,0	9,6		06:25:18:736		
013:27:00,000	9,5	14,7	15,4	9,5	0,0	0,0	0,0	0,950	0,000	5010,417	0,0	9,6		06:26:18:736		
013:28:00,000	10,2	14,7	15,4	10,2	0,0	0,0	0,0	0,950	0,000	5009,343	0,0	10,4		06:27:18:736		
013:29:00,000	10,3	14,6	15,4	10,3	0,0	0,0	0,0	0,950	0,000	5010,404	0,0	10,4		06:28:18:736		
013:30:00,000	10,2	14,6	15,4	10,2	0,0	0,0	0,0	0,950	0,000	5010,352	0,0	10,3		06:29:18:736		
013:31:00,000	10,2	14,5	15,4	10,2	0,0	0,0	0,0	0,950	0,000	5009,556	0,0	10,1		06:30:18:736		
013:32:00,000	10,3	14,4	15,4	10,3	0,0	0,0	0,0	0,950	0,000	5009,165	0,0	10,3		06:31:18:736		
013:33:00,000	9,5	14,3	15,4	9,5	0,0	0,0	0,0	0,950	0,000	5010,121	0,0	9,5		06:32:18:736		
013:34:00,000	9,5	14,4	15,4	9,6	0,0	0,0	0,0	0,950	0,000	5009,028	0,0	9,7		06:33:18:736		
013:35:00,000	9,3	14,4	15,4	9,3	0,0	0,0	0,0	0,950	0,000	5009,871	0,0	9,4		06:34:18:736		
013:36:00,000	9,7	14,5	15,4	9,7	0,0	0,0	0,0	0,950	0,000	5009,593	0,0	9,8		06:35:18:736		
013:37:00,000	10,4	14,5	15,4	10,4	0,0	0,0	0,0	0,950	0,000	5009,651	0,0	10,5		06:36:18:736		
013:38:00,000	10,6	14,5	15,4	10,6	0,0	0,0	0,0	0,950	0,000	5009,704	0,0	10,6		06:37:18:736		
013:39:00,000	10,6	14,4	15,4	10,6	0,0	0,0	0,0	0,950	0,000	5010,565	0,0	10,6		06:38:18:736		
013:40:00,000	10,6	14,4	15,4	10,6	0,0	0,0	0,0	0,950	0,000	5009,111	0,0	10,7		06:39:18:736		
013:41:00,000	10,7	14,4	15,4	10,7	0,0	0,0	0,0	0,950	0,000	5009,532	0,0	10,7		06:40:18:736		
013:42:00,000	10,7	14,4	15,4	10,7	0,0	0,0	0,0	0,950	0,000	5009,139	0,0	10,8		06:41:18:736		
013:43:00,000	10,7	14,4	15,4	10,7	0,0	0,0	0,0	0,950	0,000	5009,713	0,0	10,8		06:42:18:736		
013:44:00,000	10,9	14,4	15,4	10,9	0,0	0,0	0,0	0,950	0,000	5009,537	0,0	10,9		06:43:18:736		
013:45:00,000	10,9	14,3	15,4	10,9	0,0	0,0	0,0	0,950	0,000	5010,064	0,0	10,9		06:44:18:736		
013:46:00,000	10,8	14,3	15,4	10,8	0,0	0,0	0,0	0,950	0,000	5009,815	0,0	10,8		06:45:18:736		
013:47:00,000	10,6	14,3	15,4	10,6	0,0	0,0	0,0	0,950	0,000	5009,157	0,0	10,6		06:46:18:736		
013:48:00,000	10,5	14,3	15,4	10,5	0,0	0,0	0,0	0,950	0,000	5009,376	0,0	10,6		06:47:18:736		
013:49:00,000	9,6	14,3	15,4	9,6	0,0	0,0	0,0	0,950	0,000	5010,019	0,0	9,7		06:48:18:736		
013:50:00,000	6,2	14,2	15,4	6,2	0,0	0,0	0,0	0,950	0,000	5009,093	0,0	6,3		06:49:18:736		
013:51:00,000	5,3	14,1	15,3	5,3	0,0	0,0	0,0	0,950	0,000	5009,639	0,0	5,3		06:50:18:736		
013:52:00,000	-9,6	14,1	15,3	-9,6	0,0	0,0	0,0	0,950	0,000	5008,743	0,0	-9,5		06:51:18:736		
013:53:00,000	-30,8	14,0	15,2	-30,8	0,0	0,0	0,0	0,950	0,000	5008,796	0,0	-30,7		06:52:18:736		
013:54:00,000	-32,6	14,0	15,2	-32,6	0,0	0,0	0,0	0,950	0,000	5008,963	0,0	-32,4		06:53:18:736		
013:55:00,000	-28,6	13,9	15,1	-28,6	0,0	0,0	0,0	0,950	0,000	5008,991	0,0	-28,4		06:54:18:736		
013:56:00,000	-14,9	13,9	15,1	-14,9	0,0	0,0	0,0	0,950	0,000	5008,926	0,0	-15,0		06:55:18:736		
013:57:00,000	-6,1	14,0	15,1	-6,1	0,0	0,0	0,0	0,950	0,000	5009,542	0,0	-6,0		06:56:18:736		
013:58:00,000	0,0	14,0	15,1	0,0	0,0	0,0	0,0	0,950	0,000	5009,213	0,0	0,0		06:57:18:736		
013:59:00,000	0,6	14,0	15,1	0,6	0,0	0,0	0,0	0,950	0,000	5009,250	0,0	0,5		06:58:18:736		
014:00:00,000	-5,8	14,0	15,1	-5,8	0,0	0,0	0,0	0,950	0,000	5009,204	0,0	-5,7		06:59:18:736		
014:01:00,000	-7,9	14,0	15,1	-7,9	0,0	0,0	0,0	0,950	0,000	5008,128	0,0	-7,7		07:00:18:736		
014:02:00,000	-5,5	14,0	15,1	-5,5	0,0	0,0	0,0	0,950	0,000	5008,611	0,0	-5,5		07:01:18:736		
014:03:00,000	-9,1	14,0	15,1	-9,1	0,0	0,0	0,0	0,950	0,000	5009,379	0,0	-9,0		07:02:18:736		
014:04:00,000	-0,3	14,0	15,1	-0,3	0,0	0,0	0,0	0,950	0,000	5008,296	0,0	-0,2		07:03:18:736		
014:05:00,000	3,5	14,1	15,1	3,5	0,0	0,0	0,0	0,950	0,000	5008,944	0,0	3,5		07:04:18:736		
014:06:00,000	7,1	14,1	15,1	7,1	0,0	0,0	0,0	0,950	0,000	5008,734	0,0	7,2		07:05:18:736		
014:07:00,000	1,3	14,2	15,1	1,3	0,0	0,0	0,0	0,950	0,000	5008,787	0,0	1,4		07:06:18:736		
014:08:00,000	-3,4	14,2	15,1	-3,4	0,0	0,0	0,0	0,950	0,000	5009,546	0,0	-3,5		07:07:18:736		
014:09:00,000	-5,0	14,3	15,1	-5,1	0,0	0,0	0,0	0,950	0,000	5009,156	0,0	-4,9		07:08:18:736		
014:10:00,000	-5,3	14,3	15,1	-5,3	0,0	0,0	0,0	0,950	0,000	5009,296	0,0	-5,2		07:09:18:736		
014:11:00,000	6,2	14,3	15,1	6,2	0,0	0,0	0,0	0,950	0,000	5008,879	0,0	6,3		07:10:18:736		
014:12:00,000	9,5	14,3	15,1	9,5	0,0	0,0	0,0	0,950	0,000	5009,514	0,0	9,6		07:11:18:736		
014:13:00,000	9,8	14,3	15,1	9,8	0,0	0,0	0,0	0,950	0,000	5009,639	0,0	9,9		07:12:18:736		
014:14:00,000	9,7	14,3	15,1	9,7	0,0	0,0	0,0	0,950	0,000	5009,481	0,0	9,8		07:13:18:736		
014:15:00,000	9,7	14,4	15,1	9,6	0,0	0,0	0,0	0,950	0,000	5009,389	0,0	9,7		07:14:18:736		
014:16:00,000	9,7	14,5	15,1	9,7	0,0	0,0	0,0	0,950	0,000	5009,667	0,0	9,7		07:15:18:736		
014:17:00,000	9,6	14,6	15,2	9,7	0,0	0,0	0,0	0,950	0,000	5008,583	0,0	9,7		07:16:18:736		
014:18:00,000	9,6	14,6	15,2	9,6	0,0	0,0	0,0	0,950	0,000	5009,184	0,0	9,7		07:17:18:736		
014:19:00,000	9,4	14,5	15,2	9,4	0,0	0,0	0,0	0,950	0,000	5009,852	0,0	9,5		07:18:18:736		
014:20:00,000	9,6	14,7	15,2	9,6	0,0	0,0	0,0	0,950	0,000	5009,528	0,0	9,6		07:19:18:736		
014:21:00,000	9,5	14,9	15,3	9,5	0,0	0,0	0,0	0,950	0,000	5009,843	0,0	9,6		07:20:18:736		
014:22:00,000	9,5	15,0	15,4	9,5	0,0	0,0	0,0	0,950	0,000	5010,121	0,0	9,5		07:21:18:736		
014:23:00,000	9,4	15,0	15,5	9,4	0,0	0,0	0,0	0,950	0,000	5008,872	0,0	9,5		07:22:18:736		
014:24:00,000	9,3	15,1	15,5	9,3	0,0	0,0	0,0	0,950	0,000	5010,231	0,0	9,4		07:23:18:736		
014:25:00,000	9,4	15,1	15,5	9,4	0,0	0,0	0,0	0,950	0,000	5009,944	0,0	9,6		07:24:18:736		
014:26:00,000	9,4	14,9	15,5	9,4	0,0	0,0	0,0	0,950	0,000	5010,147	0,0	9,4		07:25:18:736		
014:27:00,000	9,1	14,7	15,5	9,1	0,0	0,0	0,0	0,950	0,000	5009,565	0,0	9,2		07:26:18:736		
014:28:00,000	9,2	14,4	15,5	9,2	0,0	0,0	0,0	0,950	0,000	5008,844	0,0	9,2		07:27:18:736		
014:29:00,000	9,3	14,3	15,5	9,3	0,0	0,0	0,0	0,950	0,000	5009,815	0,0	9,4		07:28:18:736		
014:30:00,000	9,6	14,3	15,5	9,6	0,0	0,0	0,0	0,950	0,000	5008,861	0,0	9,7		07:29:18:736		
014:31:00,000	9,3	14,3	15,4	9,3	0,0	0,0	0,0	0,950	0,000	5008,898	0,0	9,3		07:30:18:736		
014:32:00,000	9,3	14,3	15,4	9,3	0,0	0,0	0,0	0,950	0,000	5009,303	0,0	9,4		07:31:18:736		
014:33:00,000	9,7	14,3	15,4	9,7	0,0	0,0	0,0	0,950	0,000	5009,343	0,0	9,9		07:32:18:736		
014:34:00,000	10,0	14,3	15,4	10,0	0,0	0,0	0,0	0,950	0,000	5008,917	0,0	10,1		07:33:18:736		
014:35:00,000	9,7	14,2	15,3	9,7	0,0	0,0	0,0	0,950	0,000	5010,176	0,0	9,7		07:34:18:736		
014:36:00,000	8,8	14,2	15,3	8,8	0,0	0,0	0,0	0,950	0,000	5009,826	0,0	8,9		07:35:18:736		
014:37:00,000	8,7	14,3	15,3	8,7	0,0	0,0	0,0	0,950	0,000	5009,204	0,0	8,7		07:36:18:736		
014:38:00,000	8,8	14,3	15,3	8,8	0,0	0,0	0,0	0,950	0,000	5009,358	0,0	8,8		07:37:18:736		
014:39:00,000	8,8	14,4	15,3	8,8	0,0	0,0	0,0	0,950	0,000	5009,981	0,0	8,9		07:38:18:736		
014:40:00,000	8,1	14,4	15,3	8,1	0,0	0,0	0,0	0,950	0,000	5009,750	0,0	8,1		07:39:18:736		
014:41:00,000	7,6	14,6	15,3	7,6	0,0	0,0	0,0	0,950	0,000	5008,759	0,0	7,6		07:40:18:736		
014:42:00,000	8,0	14,6	15,3	8,0	0,0	0,0	0,0	0,950	0,000	5009,523	0,0	8,1		07:41:18:736		
014:43:00,000	8,1	14,4	15,3	8,1	0,0	0,0	0,0	0,950	0,000	5008,806	0,0	8,2		07:42:18:736		
014:44:00,000	8,1	14,4	15,3	8,1	0,0	0,0	0,0	0,950	0,000	5009,881	0,0	8,1		07:43:18:736		
014:45:00,000	7,9	14,2	15,3	7,9	0,0	0,0	0,0	0,950	0,000	5008,741	0,0	8,1		07:44:18:736		
014:46:00,000	7,5	14,1	15,3	7,5	0,0	0,0	0,0	0,950	0,000	5009,593	0,0	7,6		07:45:18:736		
014:47:00,000	5,8	14,3	15,3	5,8	0,0	0,0	0,0	0,950	0,000	5008,486	0,0	5,9		07:46:18:736		
014:48:00,000	-1,9	14,5	15,3	-1,9	0,0	0,0	0,0	0,950	0,000	5009,093	0,0	-1,9		07:47:18:736		
014:49:00,000	-1,8	14,4	15,3	-1,8	0,0	0,0	0,0	0,950	0,000	5009,458	0,0	-1,7		07:48:18:736		
014:50:00,000	4,6	14,2	15,3	4,6	0,0	0,0	0,0	0,950	0,000	5009,222	0,0	4,7		07:49:18:736		
014:51:00,000	6,6	14,1	15,3	6,6	0,0	0,0	0,0	0,950	0,000	5009,027	0,0	6,7		07:50:18:736		
014:52:00,000	6,9	14,1	15,2	6,9	0,0	0,0	0,0	0,950	0,000	5009,250	0,0	6,9		07:51:18:736		
014:53:00,000	7,7	14,0	15,1	7,7	0,0	0,0	0,0	0,950	0,000	5008,009	0,0	7,7		07:52:18:736		
014:54:00,000	8,3	13,9	15,0	8,3	0,0	0,0	0,0	0,950	0,000	5008,546	0,0	8,4		07:53:18:736		
014:55:00,000	9,2	13,9	15,0	9,2	0,0	0,0	0,0	0,950	0,000	5008,787	0,0	9,2		07:54:18:736		
014:56:00,000	10,0	14,0	15,0	10,0	0,0	0,0	0,0	0,950	0,000	5008,257	0,0	10,1		07:55:18:736		
014:57:00,000	10,4	14,2	15,0	10,4	0,0	0,0	0,0	0,950	0,000	5008,907	0,0	10,5		07:56:18:736		
014:58:00,000	9,9	14,4	15,0	9,9	0,0	0,0	0,0	0,950	0,000	5009,454	0,0	10,0		07:57:18:736		
014:59:00,000	9,9	14,5	15,1	9,9	0,0	0,0	0,0	0,950	0,000	5009,707	0,0	10,0		07:58:18:736		
015:00:00,000	9,7	14,5	15,1	9,7	0,0	0,0	0,0	0,950	0,000	5009,491	0,0	9,8		07:59:18:736		
015:01:00,000	9,9	14,3	15,1	9,9	0,0	0,0	0,0	0,950	0,000	5008,556	0,0	9,9		08:00:18:736		
015:02:00,000	10,3	14,2	15,1	10,3	0,0	0,0	0,0	0,950	0,000	5008,431	0,0	10,4		08:01:18:736		
015:03:00,000	10,7	14,1	15,1	10,7	0,0	0,0	0,0	0,950	0,000	5010,176	0,0	10,8		08:02:18:736		
015:04:00,000	11,1	14,1	15,1	11,1	0,0	0,0	0,0	0,950	0,000	5009,092	0,0	11,1		08:03:18:736		
015:05:00,000	11,2	14,3	15,1	11,2	0,0	0,0	0,0	0,950	0,000	5008,778	0,0	11,3		08:04:18:736		
015:06:00,000	11,2	14,3	15,1	11,2	0,0	0,0	0,0	0,950	0,000	5009,574	0,0	11,3		08:05:18:736		
015:07:00,000	11,3	14,3	15,1	11,3	0,0	0,0	0,0	0,950	0,000	5008,944	0,0	11,4		08:06:18:736		
015:08:00,000	11,4	14,4	15,1	11,4	0,0	0,0	0,0	0,950	0,000	5009,064	0,0	11,5		08:07:18:736		
015:09:00,000	11,4	14,4	15,1	11,4	0,0	0,0	0,0	0,950	0,000	5009,972	0,0	11,4		08:08:18:736		
015:10:00,000	11,3	14,4	15,1	11,3	0,0	0,0	0,0	0,950	0,000	5009,250	0,0	11,4		08:09:18:736		
015:11:00,000	11,3	14,3	15,1	11,3	0,0	0,0	0,0	0,950	0,000	5008,156	0,0	11,4		08:10:18:736		
015:12:00,000	11,3	14,4	15,1	11,4	0,0	0,0	0,0	0,950	0,000	5009,944	0,0	11,4		08:11:18:736		
015:13:00,000	11,4	14,3	15,1	11,4	0,0	0,0	0,0	0,950	0,000	5008,981	0,0	11,5		08:12:18:736		
015:14:00,000	11,4	14,3	15,1	11,4	0,0	0,0	0,0	0,950	0,000	5009,306	0,0	11,4		08:13:18:736		
015:15:00,000	11,5	14,4	15,1	11,5	0,0	0,0	0,0	0,950	0,000	5009,395	0,0	11,5		08:14:18:736		
015:16:00,000	11,7	14,3	15,1	11,7	0,0	0,0	0,0	0,950	0,000	5008,824	0,0	11,8		08:15:18:736		
015:17:00,000	11,6	14,1	15,1	11,6	0,0	0,0	0,0	0,950	0,000	5010,296	0,0	11,6		08:16:18:736		
015:18:00,000	11,5	14,1	15,1	11,5	0,0	0,0	0,0	0,950	0,000	5013,339	0,0	11,7		08:17:18:736		
015:19:00,000	11,5	14,1	15,1	11,5	0,0	0,0	0,0	0,950	0,000	5011,565	0,0	11,5		08:18:18:736		
015:20:00,000	11,5	14,2	15,1	11,5	0,0	0,0	0,0	0,950	0,000	5009,102	0,0	11,6		08:19:18:736		
015:21:00,000	11,5	14,3	15,1	11,5	0,0	0,0	0,0	0,950	0,000	5008,835	0,0	11,6		08:20:18:736		
015:22:00,000	11,5	14,1	15,1	11,5	0,0	0,0	0,0	0,950	0,000	5009,481	0,0	11,5		08:21:18:736		
015:23:00,000	11,5	14,0	15,1	11,5	0,0	0,0	0,0	0,950	0,000	5008,761	0,0	11,5		08:22:18:736		
015:24:00,000	11,5	13,9	15,1	11,5	0,0	0,0	0,0	0,950	0,000	5008,685	0,0	11,6		08:23:18:736		
015:25:00,000	11,5	13,9	15,0	11,5	0,0	0,0	0,0	0,950	0,000	5008,824	0,0	11,6		08:24:18:736		
015:26:00,000	11,6	13,8	15,0	11,6	0,0	0,0	0,0	0,950	0,000	5008,037	0,0	11,6		08:25:18:736		
015:27:00,000	11,5	13,7	14,9	11,5	0,0	0,0	0,0	0,950	0,000	5009,000	0,0	11,5		08:26:18:736		
015:28:00,000	11,4	13,8	14,9	11,4	0,0	0,0	0,0	0,950	0,000	5007,824	0,0	11,5		08:27:18:736		
015:29:00,000	11,4	13,9	14,9	11,4	0,0	0,0	0,0	0,950	0,000	5009,713	0,0	11,5		08:28:18:736		
015:30:00,000	11,5	14,1	14,9	11,5	0,0	0,0	0,0	0,950	0,000	5009,194	0,0	11,6		08:29:18:736		
015:31:00,000	11,6	14,2	14,9	11,6	0,0	0,0	0,0	0,950	0,000	5009,019	0,0	11,6		08:30:18:736		
015:32:00,000	11,5	14,2	14,9	11,5	0,0	0,0	0,0	0,950	0,000	5008,824	0,0	11,6		08:31:18:736		
015:33:00,000	11,5	14,2	14,9	11,5	0,0	0,0	0,0	0,950	0,000	5008,611	0,0	11,5		08:32:18:736		
015:34:00,000	11,4	14,2	14,9	11,4	0,0	0,0	0,0	0,950	0,000	5008,583	0,0	11,5		08:33:18:736		
015:35:00,000	11,3	14,2	14,9	11,3	0,0	0,0	0,0	0,950	0,000	5009,596	0,0	11,4		08:34:18:736		
015:36:00,000	11,3	14,3	14,9	11,3	0,0	0,0	0,0	0,950	0,000	5008,343	0,0	11,4		08:35:18:736		
015:37:00,000	11,4	14,1	15,0	11,4	0,0	0,0	0,0	0,950	0,000	5008,981	0,0	11,5		08:36:18:736		
015:38:00,000	11,5	13,9	15,0	11,5	0,0	0,0	0,0	0,950	0,000	5009,148	0,0	11,5		08:37:18:736		
015:39:00,000	11,4	13,9	15,0	11,4	0,0	0,0	0,0	0,950	0,000	5008,778	0,0	11,5		08:38:18:736		
015:40:00,000	11,5	13,9	15,0	11,5	0,0	0,0	0,0	0,950	0,000	5008,496	0,0	11,5		08:39:18:736		
015:41:00,000	11,3	13,8	15,0	11,3	0,0	0,0	0,0	0,950	0,000	5008,852	0,0	11,5		08:40:18:736		
015:42:00,000	11,3	13,8	15,0	11,3	0,0	0,0	0,0	0,950	0,000	5009,139	0,0	11,4		08:41:18:736		
015:43:00,000	11,4	13,8	15,0	11,4	0,0	0,0	0,0	0,950	0,000	5008,361	0,0	11,4		08:42:18:736		
015:44:00,000	11,4	13,8	15,0	11,4	0,0	0,0	0,0	0,950	0,000	5008,798	0,0	11,4		08:43:18:736		
015:45:00,000	11,4	13,8	15,0	11,4	0,0	0,0	0,0	0,950	0,000	5008,074	0,0	11,4		08:44:18:736		
015:46:00,000	11,4	13,7	14,9	11,5	0,0	0,0	0,0	0,950	0,000	5008,371	0,0	11,5		08:45:18:736		
015:47:00,000	11,4	13,6	14,8	11,5	0,0	0,0	0,0	0,950	0,000	5008,679	0,0	11,5		08:46:18:736		
015:48:00,000	11,3	13,6	14,8	11,3	0,0	0,0	0,0	0,950	0,000	5007,871	0,0	11,4		08:47:18:736		
015:49:00,000	11,4	13,7	14,8	11,4	0,0	0,0	0,0	0,950	0,000	5008,306	0,0	11,4		08:48:18:736		
015:50:00,000	11,3	13,8	14,8	11,3	0,0	0,0	0,0	0,950	0,000	5009,009	0,0	11,3		08:49:18:736		
015:51:00,000	11,4	13,9	14,8	11,4	0,0	0,0	0,0	0,950	0,000	5008,629	0,0	11,4		08:50:18:736		
015:52:00,000	11,3	14,0	14,8	11,4	0,0	0,0	0,0	0,950	0,000	5008,806	0,0	11,5		08:51:18:736		
015:53:00,000	11,4	14,1	14,8	11,4	0,0	0,0	0,0	0,950	0,000	5009,101	0,0	11,5		08:52:18:736		
015:54:00,000	11,5	14,1	14,8	11,5	0,0	0,0	0,0	0,950	0,000	5008,871	0,0	11,6		08:53:18:736		
015:55:00,000	11,5	14,1	14,8	11,5	0,0	0,0	0,0	0,950	0,000	5011,389	0,0	11,5		08:54:18:736		
015:56:00,000	11,4	13,9	14,8	11,4	0,0	0,0	0,0	0,950	0,000	5008,771	0,0	11,4		08:55:18:736		
015:57:00,000	11,5	13,9	14,8	11,5	0,0	0,0	0,0	0,950	0,000	5009,417	0,0	11,5		08:56:18:736		
015:58:00,000	11,2	14,0	14,8	11,2	0,0	0,0	0,0	0,950	0,000	5008,704	0,0	11,2		08:57:18:736		
015:59:00,000	11,2	14,0	14,8	11,2	0,0	0,0	0,0	0,950	0,000	5008,731	0,0	11,4		08:58:18:736		
016:00:00,000	9,8	14,1	14,8	9,8	0,0	0,0	0,0	0,950	0,000	5012,890	0,0	9,8		08:59:18:736		
016:01:00,000	11,4	14,3	14,9	11,4	0,0	0,0	0,0	0,950	0,000	5015,065	0,0	11,5		09:00:18:736		
016:02:00,000	11,7	14,3	14,9	11,7	0,0	0,0	0,0	0,950	0,000	5016,371	0,0	11,8		09:01:18:736		
016:03:00,000	11,7	14,5	15,1	11,7	0,0	0,0	0,0	0,950	0,000	5018,759	0,0	11,7		09:02:18:736		
016:04:00,000	11,9	14,6	15,2	11,9	0,0	0,0	0,0	0,950	0,000	5011,389	0,0	11,9		09:03:18:736		
016:05:00,000	11,8	14,5	15,2	11,8	0,0	0,0	0,0	0,950	0,000	5010,593	0,0	11,9		09:04:18:736		
016:06:00,000	11,7	14,5	15,2	11,7	0,0	0,0	0,0	0,950	0,000	5011,835	0,0	11,9		09:05:18:736		
016:07:00,000	11,8	14,4	15,2	11,8	0,0	0,0	0,0	0,950	0,000	5006,463	0,0	11,9		09:06:18:736		
016:08:00,000	11,9	14,2	15,2	11,9	0,0	0,0	0,0	0,950	0,000	5007,537	0,0	11,9		09:07:18:736		
016:09:00,000	11,8	14,0	15,2	11,8	0,0	0,0	0,0	0,950	0,000	5009,000	0,0	11,8		09:08:18:736		
016:10:00,000	11,7	14,1	15,2	11,7	0,0	0,0	0,0	0,950	0,000	5011,346	0,0	11,6		09:09:18:736		
016:11:00,000	11,5	14,3	15,2	11,5	0,0	0,0	0,0	0,950	0,000	5010,083	0,0	11,6		09:10:18:736		
016:12:00,000	11,6	14,4	15,2	11,6	0,0	0,0	0,0	0,950	0,000	5010,713	0,0	11,7		09:11:18:736		
016:13:00,000	11,6	14,3	15,2	11,6	0,0	0,0	0,0	0,950	0,000	5010,121	0,0	11,6		09:12:18:736		
016:14:00,000	11,5	14,3	15,2	11,5	0,0	0,0	0,0	0,950	0,000	5009,778	0,0	11,5		09:13:18:736		
016:15:00,000	11,5	14,4	15,2	11,5	0,0	0,0	0,0	0,950	0,000	5011,056	0,0	11,5		09:14:18:736		
016:16:00,000	11,6	14,4	15,2	11,6	0,0	0,0	0,0	0,950	0,000	5008,796	0,0	11,7		09:15:18:736		
016:17:00,000	11,5	14,3	15,2	11,5	0,0	0,0	0,0	0,950	0,000	5013,917	0,0	11,7		09:16:18:736		
016:18:00,000	11,5	14,1	15,2	11,5	0,0	0,0	0,0	0,950	0,000	5021,889	0,0	11,5		09:17:18:736		
016:19:00,000	11,5	14,0	15,2	11,5	0,0	0,0	0,0	0,950	0,000	5017,147	0,0	11,6		09:18:18:736		
016:20:00,000	11,5	14,0	15,2	11,5	0,0	0,0	0,0	0,950	0,000	5010,602	0,0	11,6		09:19:18:736		
016:21:00,000	11,5	14,1	15,2	11,5	0,0	0,0	0,0	0,950	0,000	5011,352	0,0	11,6		09:20:18:736		
016:22:00,000	11,5	14,1	15,2	11,5	0,0	0,0	0,0	0,950	0,000	5014,361	0,0	11,6		09:21:18:736		
016:23:00,000	11,5	14,1	15,2	11,5	0,0	0,0	0,0	0,950	0,000	5014,395	0,0	11,6		09:22:18:736		
016:24:00,000	11,6	14,3	15,2	11,6	0,0	0,0	0,0	0,950	0,000	5010,528	0,0	11,7		09:23:18:736		
016:25:00,000	11,6	14,3	15,2	11,6	0,0	0,0	0,0	0,950	0,000	5012,926	0,0	11,5		09:24:18:736		
016:26:00,000	11,6	14,5	15,2	11,6	0,0	0,0	0,0	0,950	0,000	5014,250	0,0	11,7		09:25:18:736		
016:27:00,000	11,6	14,6	15,2	11,6	0,0	0,0	0,0	0,950	0,000	5012,936	0,0	11,7		09:26:18:736		
016:28:00,000	11,5	14,8	15,4	11,5	0,0	0,0	0,0	0,950	0,000	5018,685	0,0	11,6		09:27:18:736		
016:29:00,000	11,5	14,9	15,5	11,5	0,0	0,0	0,0	0,950	0,000	5010,872	0,0	11,7		09:28:18:736		
016:30:00,000	11,6	15,0	15,5	11,6	0,0	0,0	0,0	0,950	0,000	5012,731	0,0	11,7		09:29:18:736		
016:31:00,000	11,4	15,1	15,6	11,4	0,0	0,0	0,0	0,950	0,000	5017,259	0,0	11,5		09:30:18:736		
016:32:00,000	11,5	15,1	15,7	11,5	0,0	0,0	0,0	0,950	0,000	5016,417	0,0	11,7		09:31:18:736		
---------------------------------
End of File
