[Connect DataFile][2.1]
Date:	20/04/2026
Time:	11:19:49
Unit:	°C
Resolution:	60,000/0,100
Values:	12
SnapshotTrigger:	0	0,0
MeasurementTrigger:	0	0,0
Time	TProc	TInt	TBox	TAvg	T_2C	T_1C	Attenuation	Eps.	Value	Vcc	TAmb	TAct	CompressionIdx	Time absolute	ImageIdx	ImageValue
000:00:00,000	-41,1	25,0	24,1	-41,1	0,0	0,0	0,0	0,950	0,000	5027,907	0,0	-40,9		11:19:49:473		
000:01:00,000	-41,3	25,3	24,4	-41,3	0,0	0,0	0,0	0,950	0,000	5026,463	0,0	-40,8		11:20:49:473		
000:02:00,000	-41,2	25,3	24,6	-41,2	0,0	0,0	0,0	0,950	0,000	5027,537	0,0	-40,8		11:21:49:473		
000:03:00,000	-41,9	25,6	24,8	-41,9	0,0	0,0	0,0	0,950	0,000	5028,220	0,0	-41,8		11:22:49:473		
000:04:00,000	-41,6	25,9	25,1	-41,6	0,0	0,0	0,0	0,950	0,000	5026,546	0,0	-41,6		11:23:49:473		
000:05:00,000	-40,6	25,6	25,3	-40,6	0,0	0,0	0,0	0,950	0,000	5022,639	0,0	-40,4		11:24:49:473		
000:06:00,000	-41,0	24,7	25,0	-41,0	0,0	0,0	0,0	0,950	0,000	5026,556	0,0	-40,9		11:25:49:473		
000:07:00,000	-41,1	24,0	24,3	-41,1	0,0	0,0	0,0	0,950	0,000	5022,417	0,0	-41,0		11:26:49:473		
000:08:00,000	-40,7	23,7	23,9	-40,8	0,0	0,0	0,0	0,950	0,000	5020,648	0,0	-40,5		11:27:49:473		
000:09:00,000	-40,4	23,7	23,8	-40,4	0,0	0,0	0,0	0,950	0,000	5019,981	0,0	-40,1		11:28:49:473		
000:10:00,000	-40,4	23,8	23,8	-40,4	0,0	0,0	0,0	0,950	0,000	5021,259	0,0	-40,3		11:29:49:473		
000:11:00,000	-40,2	24,2	23,8	-40,1	0,0	0,0	0,0	0,950	0,000	5019,824	0,0	-40,1		11:30:49:473		
000:12:00,000	-39,6	24,1	23,8	-39,6	0,0	0,0	0,0	0,950	0,000	5019,129	0,0	-39,4		11:31:49:473		
000:13:00,000	-37,3	24,1	23,8	-37,3	0,0	0,0	0,0	0,950	0,000	5019,290	0,0	-37,2		11:32:49:473		
000:14:00,000	-9,0	24,5	24,0	-9,0	0,0	0,0	0,0	0,950	0,000	5020,269	0,0	-8,7		11:33:49:473		
000:15:00,000	-4,4	25,2	24,5	-4,4	0,0	0,0	0,0	0,950	0,000	5020,898	0,0	-4,3		11:34:49:473		
000:16:00,000	-32,3	25,0	24,6	-32,3	0,0	0,0	0,0	0,950	0,000	5020,806	0,0	-32,4		11:35:49:473		
000:17:00,000	-39,5	24,9	24,6	-39,5	0,0	0,0	0,0	0,950	0,000	5020,565	0,0	-39,4		11:36:49:473		
000:18:00,000	-40,4	24,9	24,6	-40,4	0,0	0,0	0,0	0,950	0,000	5020,667	0,0	-40,2		11:37:49:473		
000:19:00,000	-40,6	25,1	24,6	-40,6	0,0	0,0	0,0	0,950	0,000	5020,593	0,0	-40,5		11:38:49:473		
000:20:00,000	-40,5	24,4	24,5	-40,5	0,0	0,0	0,0	0,950	0,000	5020,435	0,0	-40,3		11:39:49:473		
000:21:00,000	-40,8	23,1	23,5	-40,8	0,0	0,0	0,0	0,950	0,000	5019,444	0,0	-40,9		11:40:49:473		
000:22:00,000	-40,5	23,1	23,2	-40,5	0,0	0,0	0,0	0,950	0,000	5019,093	0,0	-40,3		11:41:49:473		
000:23:00,000	-40,5	22,9	23,1	-40,5	0,0	0,0	0,0	0,950	0,000	5019,196	0,0	-40,2		11:42:49:473		
000:24:00,000	-40,0	23,1	23,1	-40,0	0,0	0,0	0,0	0,950	0,000	5018,722	0,0	-39,9		11:43:49:473		
000:25:00,000	-39,5	24,5	23,6	-39,5	0,0	0,0	0,0	0,950	0,000	5020,306	0,0	-39,1		11:44:49:473		
000:26:00,000	-39,9	25,3	24,4	-39,9	0,0	0,0	0,0	0,950	0,000	5020,741	0,0	-39,7		11:45:49:473		
000:27:00,000	-39,8	25,8	25,0	-39,8	0,0	0,0	0,0	0,950	0,000	5022,159	0,0	-39,6		11:46:49:473		
000:28:00,000	-39,8	26,1	25,4	-39,8	0,0	0,0	0,0	0,950	0,000	5022,463	0,0	-39,6		11:47:49:473		
000:29:00,000	-41,7	26,3	25,7	-41,7	0,0	0,0	0,0	0,950	0,000	5022,617	0,0	-41,6		11:48:49:473		
000:30:00,000	-41,6	27,1	26,4	-41,6	0,0	0,0	0,0	0,950	0,000	5023,565	0,0	-41,4		11:49:49:473		
000:31:00,000	-41,7	27,4	26,8	-41,6	0,0	0,0	0,0	0,950	0,000	5022,898	0,0	-41,4		11:50:49:473		
000:32:00,000	-42,9	27,3	26,8	-42,8	0,0	0,0	0,0	0,950	0,000	5022,546	0,0	-42,7		11:51:49:473		
000:33:00,000	-41,5	27,5	27,0	-41,5	0,0	0,0	0,0	0,950	0,000	5023,972	0,0	-41,3		11:52:49:473		
000:34:00,000	-43,5	27,2	27,0	-43,3	0,0	0,0	0,0	0,950	0,000	5022,916	0,0	-43,4		11:53:49:473		
000:35:00,000	-47,0	25,6	26,4	-47,0	0,0	0,0	0,0	0,950	0,000	5022,343	0,0	-46,7		11:54:49:473		
000:36:00,000	-46,1	23,9	25,0	-46,1	0,0	0,0	0,0	0,950	0,000	5020,972	0,0	-45,7		11:55:49:473		
000:37:00,000	-39,5	22,7	23,9	-39,5	0,0	0,0	0,0	0,950	0,000	5020,102	0,0	-39,1		11:56:49:473		
000:38:00,000	-36,2	21,7	22,7	-36,2	0,0	0,0	0,0	0,950	0,000	5017,000	0,0	-35,8		11:57:49:473		
000:39:00,000	-30,9	22,9	22,5	-30,9	0,0	0,0	0,0	0,950	0,000	5018,621	0,0	-30,7		11:58:49:473		
000:40:00,000	-26,4	24,3	23,4	-26,3	0,0	0,0	0,0	0,950	0,000	5020,196	0,0	-26,2		11:59:49:473		
000:41:00,000	-30,6	23,6	23,7	-30,6	0,0	0,0	0,0	0,950	0,000	5019,185	0,0	-30,3		12:00:49:473		
000:42:00,000	-31,5	22,4	23,1	-31,5	0,0	0,0	0,0	0,950	0,000	5018,667	0,0	-31,3		12:01:49:473		
000:43:00,000	-29,3	22,1	22,7	-29,3	0,0	0,0	0,0	0,950	0,000	5017,629	0,0	-29,2		12:02:49:473		
000:44:00,000	-29,8	22,9	22,6	-29,8	0,0	0,0	0,0	0,950	0,000	5018,056	0,0	-29,7		12:03:49:473		
000:45:00,000	-30,6	24,0	23,3	-30,6	0,0	0,0	0,0	0,950	0,000	5019,546	0,0	-30,4		12:04:49:473		
000:46:00,000	-31,7	24,4	23,7	-31,7	0,0	0,0	0,0	0,950	0,000	5020,729	0,0	-31,6		12:05:49:473		
000:47:00,000	-34,2	24,3	23,8	-34,2	0,0	0,0	0,0	0,950	0,000	5021,787	0,0	-33,9		12:06:49:473		
000:48:00,000	-19,0	23,7	23,8	-19,0	0,0	0,0	0,0	0,950	0,000	5019,917	0,0	-18,9		12:07:49:473		
000:49:00,000	-28,3	23,3	23,5	-28,3	0,0	0,0	0,0	0,950	0,000	5019,500	0,0	-28,1		12:08:49:473		
000:50:00,000	-39,3	23,3	23,4	-39,3	0,0	0,0	0,0	0,950	0,000	5019,871	0,0	-39,2		12:09:49:473		
000:51:00,000	-40,2	23,2	23,2	-40,2	0,0	0,0	0,0	0,950	0,000	5019,926	0,0	-40,1		12:10:49:473		
000:52:00,000	-41,9	23,0	23,2	-41,9	0,0	0,0	0,0	0,950	0,000	5018,346	0,0	-41,7		12:11:49:473		
000:53:00,000	-39,7	23,7	23,3	-39,7	0,0	0,0	0,0	0,950	0,000	5019,241	0,0	-39,6		12:12:49:473		
000:54:00,000	-38,5	24,4	23,7	-38,4	0,0	0,0	0,0	0,950	0,000	5020,778	0,0	-38,3		12:13:49:473		
000:55:00,000	-38,7	24,6	24,0	-38,7	0,0	0,0	0,0	0,950	0,000	5020,731	0,0	-38,6		12:14:49:473		
000:56:00,000	-41,0	23,9	24,1	-40,9	0,0	0,0	0,0	0,950	0,000	5021,589	0,0	-40,9		12:15:49:473		
000:57:00,000	-42,1	23,0	23,9	-42,1	0,0	0,0	0,0	0,950	0,000	5020,278	0,0	-42,0		12:16:49:473		
000:58:00,000	-38,2	22,5	23,4	-38,2	0,0	0,0	0,0	0,950	0,000	5020,776	0,0	-38,2		12:17:49:473		
000:59:00,000	-19,7	22,5	23,3	-19,7	0,0	0,0	0,0	0,950	0,000	5019,898	0,0	-19,4		12:18:49:473		
001:00:00,000	-1,7	22,7	23,3	-1,7	0,0	0,0	0,0	0,950	0,000	5019,769	0,0	-1,6		12:19:49:473		
001:01:00,000	-1,2	23,3	23,3	-1,2	0,0	0,0	0,0	0,950	0,000	5020,769	0,0	-1,1		12:20:49:473		
001:02:00,000	-24,5	23,1	23,3	-24,6	0,0	0,0	0,0	0,950	0,000	5020,389	0,0	-24,4		12:21:49:473		
001:03:00,000	-39,3	22,5	23,1	-39,3	0,0	0,0	0,0	0,950	0,000	5019,556	0,0	-39,2		12:22:49:473		
001:04:00,000	-40,4	22,1	22,7	-40,4	0,0	0,0	0,0	0,950	0,000	5019,075	0,0	-40,1		12:23:49:473		
001:05:00,000	-34,4	22,4	22,7	-34,4	0,0	0,0	0,0	0,950	0,000	5018,602	0,0	-34,1		12:24:49:473		
001:06:00,000	-9,6	23,3	22,9	-9,6	0,0	0,0	0,0	0,950	0,000	5021,897	0,0	-9,4		12:25:49:473		
001:07:00,000	-0,7	24,9	23,9	-0,7	0,0	0,0	0,0	0,950	0,000	5028,324	0,0	-0,5		12:26:49:473		
001:08:00,000	-6,0	25,8	24,8	-6,0	0,0	0,0	0,0	0,950	0,000	5024,083	0,0	-5,8		12:27:49:473		
001:09:00,000	-7,4	26,3	25,5	-7,4	0,0	0,0	0,0	0,950	0,000	5022,981	0,0	-7,2		12:28:49:473		
001:10:00,000	-29,2	25,5	25,7	-29,2	0,0	0,0	0,0	0,950	0,000	5022,889	0,0	-29,0		12:29:49:473		
001:11:00,000	-25,7	24,3	25,0	-25,7	0,0	0,0	0,0	0,950	0,000	5020,953	0,0	-25,7		12:30:49:473		
001:12:00,000	-28,2	24,4	24,6	-28,2	0,0	0,0	0,0	0,950	0,000	5021,231	0,0	-28,0		12:31:49:473		
001:13:00,000	-35,3	24,9	24,6	-35,3	0,0	0,0	0,0	0,950	0,000	5021,676	0,0	-35,0		12:32:49:473		
001:14:00,000	-34,1	25,2	24,6	-34,1	0,0	0,0	0,0	0,950	0,000	5021,673	0,0	-34,0		12:33:49:473		
001:15:00,000	-33,8	25,4	24,7	-33,7	0,0	0,0	0,0	0,950	0,000	5022,046	0,0	-33,6		12:34:49:473		
001:16:00,000	-34,8	24,7	24,7	-34,8	0,0	0,0	0,0	0,950	0,000	5021,731	0,0	-34,6		12:35:49:473		
001:17:00,000	-37,0	23,8	24,1	-37,0	0,0	0,0	0,0	0,950	0,000	5021,269	0,0	-37,0		12:36:49:473		
001:18:00,000	-32,4	24,1	24,0	-32,4	0,0	0,0	0,0	0,950	0,000	5021,769	0,0	-32,3		12:37:49:473		
001:19:00,000	-29,5	24,3	24,0	-29,5	0,0	0,0	0,0	0,950	0,000	5021,299	0,0	-29,5		12:38:49:473		
001:20:00,000	5,4	25,0	24,2	5,4	0,0	0,0	0,0	0,950	0,000	5021,463	0,0	5,5		12:39:49:473		
001:21:00,000	9,9	25,7	24,7	9,9	0,0	0,0	0,0	0,950	0,000	5022,815	0,0	9,9		12:40:49:473		
001:22:00,000	10,0	26,4	25,5	10,0	0,0	0,0	0,0	0,950	0,000	5022,467	0,0	9,9		12:41:49:473		
001:23:00,000	7,9	27,4	26,4	7,9	0,0	0,0	0,0	0,950	0,000	5023,343	0,0	7,9		12:42:49:473		
001:24:00,000	13,5	28,0	27,0	13,5	0,0	0,0	0,0	0,950	0,000	5024,748	0,0	13,6		12:43:49:473		
001:25:00,000	12,1	28,2	27,4	12,1	0,0	0,0	0,0	0,950	0,000	5025,167	0,0	12,2		12:44:49:473		
001:26:00,000	6,5	27,1	27,4	6,5	0,0	0,0	0,0	0,950	0,000	5024,306	0,0	6,5		12:45:49:473		
001:27:00,000	0,7	27,1	27,1	0,8	0,0	0,0	0,0	0,950	0,000	5024,417	0,0	1,0		12:46:49:473		
001:28:00,000	10,0	26,1	26,4	10,0	0,0	0,0	0,0	0,950	0,000	5022,710	0,0	10,1		12:47:49:473		
001:29:00,000	6,8	25,4	25,7	6,8	0,0	0,0	0,0	0,950	0,000	5022,694	0,0	6,9		12:48:49:473		
001:30:00,000	12,3	25,6	25,7	12,3	0,0	0,0	0,0	0,950	0,000	5022,454	0,0	12,4		12:49:49:473		
001:31:00,000	12,7	25,7	25,7	12,7	0,0	0,0	0,0	0,950	0,000	5021,869	0,0	12,8		12:50:49:473		
001:32:00,000	12,2	25,2	25,6	12,2	0,0	0,0	0,0	0,950	0,000	5021,633	0,0	12,2		12:51:49:473		
001:33:00,000	12,0	24,3	24,9	12,0	0,0	0,0	0,0	0,950	0,000	5022,355	0,0	12,1		12:52:49:473		
001:34:00,000	12,6	23,9	24,3	12,6	0,0	0,0	0,0	0,950	0,000	5020,685	0,0	12,9		12:53:49:473		
001:35:00,000	13,1	24,5	24,3	13,1	0,0	0,0	0,0	0,950	0,000	5021,435	0,0	13,2		12:54:49:473		
001:36:00,000	13,5	25,1	24,4	13,5	0,0	0,0	0,0	0,950	0,000	5022,561	0,0	13,6		12:55:49:473		
001:37:00,000	12,7	25,7	24,9	12,7	0,0	0,0	0,0	0,950	0,000	5023,861	0,0	12,8		12:56:49:473		
001:38:00,000	12,1	25,7	25,1	12,1	0,0	0,0	0,0	0,950	0,000	5022,157	0,0	12,2		12:57:49:473		
001:39:00,000	11,8	25,6	25,2	11,8	0,0	0,0	0,0	0,950	0,000	5021,954	0,0	11,8		12:58:49:473		
001:40:00,000	10,7	25,0	25,2	10,7	0,0	0,0	0,0	0,950	0,000	5022,019	0,0	10,7		12:59:49:473		
001:41:00,000	11,6	24,1	24,5	11,6	0,0	0,0	0,0	0,950	0,000	5021,710	0,0	11,6		13:00:49:473		
001:42:00,000	11,9	24,2	24,4	11,9	0,0	0,0	0,0	0,950	0,000	5021,250	0,0	12,1		13:01:49:473		
001:43:00,000	11,7	24,0	24,4	11,7	0,0	0,0	0,0	0,950	0,000	5021,389	0,0	11,8		13:02:49:473		
001:44:00,000	11,8	23,3	23,9	11,8	0,0	0,0	0,0	0,950	0,000	5021,065	0,0	11,9		13:03:49:473		
001:45:00,000	11,7	23,0	23,4	11,7	0,0	0,0	0,0	0,950	0,000	5019,944	0,0	11,9		13:04:49:473		
001:46:00,000	11,2	22,6	23,1	11,2	0,0	0,0	0,0	0,950	0,000	5020,561	0,0	11,1		13:05:49:473		
001:47:00,000	11,1	22,2	22,9	11,1	0,0	0,0	0,0	0,950	0,000	5020,556	0,0	11,2		13:06:49:473		
001:48:00,000	13,3	22,6	22,6	13,3	0,0	0,0	0,0	0,950	0,000	5018,944	0,0	13,4		13:07:49:473		
001:49:00,000	13,3	23,5	22,9	13,3	0,0	0,0	0,0	0,950	0,000	5020,519	0,0	13,3		13:08:49:473		
001:50:00,000	12,9	23,8	23,2	12,9	0,0	0,0	0,0	0,950	0,000	5019,889	0,0	13,1		13:09:49:473		
001:51:00,000	13,9	24,8	23,9	13,9	0,0	0,0	0,0	0,950	0,000	5021,593	0,0	14,0		13:10:49:473		
001:52:00,000	13,8	24,7	24,0	13,8	0,0	0,0	0,0	0,950	0,000	5021,741	0,0	13,8		13:11:49:473		
001:53:00,000	13,1	25,3	24,5	13,1	0,0	0,0	0,0	0,950	0,000	5021,463	0,0	13,3		13:12:49:473		
001:54:00,000	11,5	25,0	24,7	11,5	0,0	0,0	0,0	0,950	0,000	5021,546	0,0	11,5		13:13:49:473		
001:55:00,000	11,4	25,6	25,1	11,4	0,0	0,0	0,0	0,950	0,000	5022,617	0,0	11,5		13:14:49:473		
001:56:00,000	12,9	26,0	25,4	12,9	0,0	0,0	0,0	0,950	0,000	5022,944	0,0	12,9		13:15:49:473		
001:57:00,000	13,8	26,6	25,7	13,8	0,0	0,0	0,0	0,950	0,000	5023,204	0,0	13,9		13:16:49:473		
001:58:00,000	14,3	27,2	26,3	14,3	0,0	0,0	0,0	0,950	0,000	5024,092	0,0	14,4		13:17:49:473		
001:59:00,000	14,0	27,0	26,4	14,0	0,0	0,0	0,0	0,950	0,000	5022,822	0,0	14,1		13:18:49:473		
002:00:00,000	14,0	27,3	26,5	14,0	0,0	0,0	0,0	0,950	0,000	5023,787	0,0	14,1		13:19:49:473		
002:01:00,000	12,7	27,9	27,0	12,7	0,0	0,0	0,0	0,950	0,000	5024,430	0,0	12,7		13:20:49:473		
002:02:00,000	12,7	28,2	27,5	12,7	0,0	0,0	0,0	0,950	0,000	5024,926	0,0	12,7		13:21:49:473		
002:03:00,000	9,5	27,1	27,5	9,5	0,0	0,0	0,0	0,950	0,000	5024,028	0,0	9,6		13:22:49:473		
002:04:00,000	-4,6	26,2	26,9	-4,6	0,0	0,0	0,0	0,950	0,000	5024,676	0,0	-4,6		13:23:49:473		
002:05:00,000	-23,5	25,5	26,4	-23,5	0,0	0,0	0,0	0,950	0,000	5022,796	0,0	-23,5		13:24:49:473		
002:06:00,000	-28,4	24,8	25,7	-28,4	0,0	0,0	0,0	0,950	0,000	5023,355	0,0	-28,3		13:25:49:473		
002:07:00,000	-22,9	24,7	25,2	-22,9	0,0	0,0	0,0	0,950	0,000	5023,129	0,0	-22,8		13:26:49:473		
002:08:00,000	-0,9	25,5	25,2	-0,9	0,0	0,0	0,0	0,950	0,000	5022,815	0,0	-0,6		13:27:49:473		
002:09:00,000	8,5	26,0	25,6	8,5	0,0	0,0	0,0	0,950	0,000	5022,519	0,0	8,7		13:28:49:473		
002:10:00,000	8,0	27,4	26,5	8,0	0,0	0,0	0,0	0,950	0,000	5024,102	0,0	7,9		13:29:49:473		
002:11:00,000	-7,6	28,7	27,7	-7,6	0,0	0,0	0,0	0,950	0,000	5025,486	0,0	-7,5		13:30:49:473		
002:12:00,000	-14,3	28,7	28,3	-14,3	0,0	0,0	0,0	0,950	0,000	5027,241	0,0	-14,0		13:31:49:473		
002:13:00,000	-27,5	27,7	28,3	-27,4	0,0	0,0	0,0	0,950	0,000	5025,907	0,0	-27,2		13:32:49:473		
002:14:00,000	-26,0	26,7	27,6	-26,0	0,0	0,0	0,0	0,950	0,000	5023,748	0,0	-26,1		13:33:49:473		
002:15:00,000	-16,4	26,3	27,0	-16,4	0,0	0,0	0,0	0,950	0,000	5023,787	0,0	-16,1		13:34:49:473		
002:16:00,000	-1,1	25,9	26,7	-1,1	0,0	0,0	0,0	0,950	0,000	5023,333	0,0	-1,0		13:35:49:473		
002:17:00,000	8,0	25,8	26,5	8,0	0,0	0,0	0,0	0,950	0,000	5023,213	0,0	8,1		13:36:49:473		
002:18:00,000	9,0	25,9	26,5	9,0	0,0	0,0	0,0	0,950	0,000	5024,121	0,0	9,1		13:37:49:473		
002:19:00,000	6,6	25,5	26,2	6,6	0,0	0,0	0,0	0,950	0,000	5023,315	0,0	6,6		13:38:49:473		
002:20:00,000	1,2	25,6	26,1	1,2	0,0	0,0	0,0	0,950	0,000	5022,953	0,0	1,2		13:39:49:473		
002:21:00,000	-23,9	25,4	25,9	-23,9	0,0	0,0	0,0	0,950	0,000	5022,917	0,0	-23,8		13:40:49:473		
002:22:00,000	-21,4	24,8	25,5	-21,4	0,0	0,0	0,0	0,950	0,000	5022,954	0,0	-21,1		13:41:49:473		
002:23:00,000	7,2	24,3	25,0	7,2	0,0	0,0	0,0	0,950	0,000	5021,889	0,0	7,2		13:42:49:473		
002:24:00,000	8,3	24,3	24,8	8,3	0,0	0,0	0,0	0,950	0,000	5021,701	0,0	8,4		13:43:49:473		
002:25:00,000	7,4	24,6	24,8	7,4	0,0	0,0	0,0	0,950	0,000	5021,657	0,0	7,4		13:44:49:473		
002:26:00,000	7,0	24,5	24,8	7,0	0,0	0,0	0,0	0,950	0,000	5023,206	0,0	7,0		13:45:49:473		
002:27:00,000	-2,4	24,0	24,8	-2,4	0,0	0,0	0,0	0,950	0,000	5022,917	0,0	-2,3		13:46:49:473		
002:28:00,000	-22,8	23,8	24,6	-22,8	0,0	0,0	0,0	0,950	0,000	5021,148	0,0	-22,5		13:47:49:473		
002:29:00,000	-31,0	23,5	24,4	-30,9	0,0	0,0	0,0	0,950	0,000	5021,204	0,0	-30,8		13:48:49:473		
002:30:00,000	-28,9	23,1	24,0	-28,9	0,0	0,0	0,0	0,950	0,000	5021,129	0,0	-28,7		13:49:49:473		
002:31:00,000	-40,0	23,2	23,9	-40,0	0,0	0,0	0,0	0,950	0,000	5020,879	0,0	-40,0		13:50:49:473		
002:32:00,000	-36,5	23,4	23,9	-36,5	0,0	0,0	0,0	0,950	0,000	5021,065	0,0	-36,2		13:51:49:473		
002:33:00,000	-39,9	23,4	23,9	-39,9	0,0	0,0	0,0	0,950	0,000	5020,898	0,0	-39,7		13:52:49:473		
002:34:00,000	-37,4	24,8	24,1	-37,4	0,0	0,0	0,0	0,950	0,000	5020,944	0,0	-37,1		13:53:49:473		
002:35:00,000	-36,1	26,4	25,2	-36,1	0,0	0,0	0,0	0,950	0,000	5022,383	0,0	-35,9		13:54:49:473		
002:36:00,000	-37,4	27,1	26,2	-37,4	0,0	0,0	0,0	0,950	0,000	5023,565	0,0	-37,1		13:55:49:473		
002:37:00,000	-37,5	27,8	27,0	-37,4	0,0	0,0	0,0	0,950	0,000	5025,806	0,0	-37,5		13:56:49:473		
002:38:00,000	-37,4	28,8	27,7	-37,3	0,0	0,0	0,0	0,950	0,000	5025,565	0,0	-37,1		13:57:49:473		
002:39:00,000	-37,0	29,9	28,7	-37,0	0,0	0,0	0,0	0,950	0,000	5027,953	0,0	-36,7		13:58:49:473		
002:40:00,000	-36,6	31,0	29,7	-36,6	0,0	0,0	0,0	0,950	0,000	5028,963	0,0	-36,2		13:59:49:473		
002:41:00,000	-36,7	31,3	30,3	-36,7	0,0	0,0	0,0	0,950	0,000	5030,343	0,0	-36,4		14:00:49:473		
002:42:00,000	-37,1	31,2	30,4	-37,1	0,0	0,0	0,0	0,950	0,000	5030,111	0,0	-37,0		14:01:49:473		
002:43:00,000	-19,6	30,4	30,4	-19,6	0,0	0,0	0,0	0,950	0,000	5028,149	0,0	-19,3		14:02:49:473		
002:44:00,000	0,4	29,1	29,6	0,4	0,0	0,0	0,0	0,950	0,000	5027,037	0,0	0,7		14:03:49:473		
002:45:00,000	4,7	28,2	28,8	4,7	0,0	0,0	0,0	0,950	0,000	5026,379	0,0	4,9		14:04:49:473		
002:46:00,000	9,1	27,5	28,3	9,1	0,0	0,0	0,0	0,950	0,000	5026,704	0,0	9,3		14:05:49:473		
002:47:00,000	9,9	28,1	28,1	9,9	0,0	0,0	0,0	0,950	0,000	5028,528	0,0	10,1		14:06:49:473		
002:48:00,000	-5,7	28,4	28,1	-5,7	0,0	0,0	0,0	0,950	0,000	5026,284	0,0	-5,8		14:07:49:473		
002:49:00,000	-29,8	28,3	28,1	-29,8	0,0	0,0	0,0	0,950	0,000	5027,861	0,0	-29,5		14:08:49:473		
002:50:00,000	-34,8	27,7	28,0	-34,8	0,0	0,0	0,0	0,950	0,000	5026,056	0,0	-35,0		14:09:49:473		
002:51:00,000	-19,8	27,7	27,7	-19,8	0,0	0,0	0,0	0,950	0,000	5025,278	0,0	-19,7		14:10:49:473		
002:52:00,000	-28,3	28,2	27,8	-28,3	0,0	0,0	0,0	0,950	0,000	5024,872	0,0	-28,1		14:11:49:473		
002:53:00,000	-34,2	27,5	27,8	-34,3	0,0	0,0	0,0	0,950	0,000	5025,417	0,0	-34,1		14:12:49:473		
002:54:00,000	-41,9	26,6	27,3	-41,9	0,0	0,0	0,0	0,950	0,000	5024,148	0,0	-41,8		14:13:49:473		
002:55:00,000	-37,2	25,7	26,4	-37,2	0,0	0,0	0,0	0,950	0,000	5023,222	0,0	-37,0		14:14:49:473		
002:56:00,000	-32,8	25,8	26,1	-32,8	0,0	0,0	0,0	0,950	0,000	5023,174	0,0	-32,6		14:15:49:473		
002:57:00,000	-34,2	26,9	26,2	-34,2	0,0	0,0	0,0	0,950	0,000	5023,879	0,0	-34,0		14:16:49:473		
002:58:00,000	-34,9	27,4	26,7	-34,9	0,0	0,0	0,0	0,950	0,000	5023,963	0,0	-34,7		14:17:49:473		
002:59:00,000	-35,8	28,3	27,5	-35,8	0,0	0,0	0,0	0,950	0,000	5025,037	0,0	-35,5		14:18:49:473		
003:00:00,000	-37,2	27,3	27,5	-37,2	0,0	0,0	0,0	0,950	0,000	5024,417	0,0	-37,0		14:19:49:473		
003:01:00,000	-37,2	26,9	27,1	-37,1	0,0	0,0	0,0	0,950	0,000	5023,550	0,0	-36,9		14:20:49:473		
003:02:00,000	-37,3	26,7	27,0	-37,3	0,0	0,0	0,0	0,950	0,000	5024,167	0,0	-37,3		14:21:49:473		
003:03:00,000	-39,2	26,9	27,0	-39,2	0,0	0,0	0,0	0,950	0,000	5025,174	0,0	-39,2		14:22:49:473		
003:04:00,000	-37,6	28,0	27,6	-37,6	0,0	0,0	0,0	0,950	0,000	5025,546	0,0	-37,4		14:23:49:473		
003:05:00,000	-36,9	28,0	27,9	-36,8	0,0	0,0	0,0	0,950	0,000	5025,657	0,0	-36,8		14:24:49:473		
003:06:00,000	-36,5	28,5	28,0	-36,4	0,0	0,0	0,0	0,950	0,000	5025,752	0,0	-36,3		14:25:49:473		
003:07:00,000	-37,1	27,9	28,1	-37,1	0,0	0,0	0,0	0,950	0,000	5026,907	0,0	-36,9		14:26:49:473		
003:08:00,000	-38,8	26,9	27,4	-38,8	0,0	0,0	0,0	0,950	0,000	5023,769	0,0	-38,6		14:27:49:473		
003:09:00,000	-38,6	26,2	26,8	-38,6	0,0	0,0	0,0	0,950	0,000	5023,287	0,0	-38,4		14:28:49:473		
003:10:00,000	-37,8	25,9	26,4	-37,8	0,0	0,0	0,0	0,950	0,000	5023,275	0,0	-37,6		14:29:49:473		
003:11:00,000	-36,9	26,6	26,3	-36,9	0,0	0,0	0,0	0,950	0,000	5023,629	0,0	-36,7		14:30:49:473		
003:12:00,000	-35,6	26,9	26,5	-35,6	0,0	0,0	0,0	0,950	0,000	5023,889	0,0	-35,4		14:31:49:473		
003:13:00,000	-35,0	27,0	26,6	-35,1	0,0	0,0	0,0	0,950	0,000	5023,605	0,0	-34,9		14:32:49:473		
003:14:00,000	-35,6	27,5	26,9	-35,6	0,0	0,0	0,0	0,950	0,000	5024,593	0,0	-35,2		14:33:49:473		
003:15:00,000	-33,0	28,5	27,8	-33,1	0,0	0,0	0,0	0,950	0,000	5026,028	0,0	-32,9		14:34:49:473		
003:16:00,000	-18,1	28,9	28,2	-18,1	0,0	0,0	0,0	0,950	0,000	5026,037	0,0	-18,0		14:35:49:473		
003:17:00,000	0,5	28,5	28,2	0,5	0,0	0,0	0,0	0,950	0,000	5027,269	0,0	0,7		14:36:49:473		
003:18:00,000	8,7	28,1	28,1	8,7	0,0	0,0	0,0	0,950	0,000	5026,431	0,0	8,8		14:37:49:473		
003:19:00,000	10,8	26,9	27,6	10,8	0,0	0,0	0,0	0,950	0,000	5024,694	0,0	10,7		14:38:49:473		
003:20:00,000	10,3	25,4	26,2	10,3	0,0	0,0	0,0	0,950	0,000	5022,463	0,0	10,4		14:39:49:473		
003:21:00,000	9,5	24,3	25,1	9,5	0,0	0,0	0,0	0,950	0,000	5021,306	0,0	9,6		14:40:49:473		
003:22:00,000	12,2	24,0	24,4	12,2	0,0	0,0	0,0	0,950	0,000	5019,954	0,0	12,3		14:41:49:473		
003:23:00,000	11,9	24,4	24,3	11,9	0,0	0,0	0,0	0,950	0,000	5020,361	0,0	12,1		14:42:49:473		
003:24:00,000	6,4	24,7	24,3	6,4	0,0	0,0	0,0	0,950	0,000	5021,083	0,0	6,6		14:43:49:473		
003:25:00,000	-22,6	24,3	24,3	-22,6	0,0	0,0	0,0	0,950	0,000	5021,324	0,0	-22,6		14:44:49:473		
003:26:00,000	-35,3	24,7	24,3	-35,3	0,0	0,0	0,0	0,950	0,000	5022,009	0,0	-35,2		14:45:49:473		
003:27:00,000	-33,8	25,2	24,6	-33,8	0,0	0,0	0,0	0,950	0,000	5022,355	0,0	-33,8		14:46:49:473		
003:28:00,000	-22,7	26,6	25,6	-22,7	0,0	0,0	0,0	0,950	0,000	5022,862	0,0	-22,6		14:47:49:473		
003:29:00,000	-7,9	26,5	26,2	-7,9	0,0	0,0	0,0	0,950	0,000	5023,954	0,0	-7,8		14:48:49:473		
003:30:00,000	5,2	25,5	25,8	5,2	0,0	0,0	0,0	0,950	0,000	5022,798	0,0	5,3		14:49:49:473		
003:31:00,000	12,9	25,6	25,4	12,9	0,0	0,0	0,0	0,950	0,000	5021,879	0,0	12,9		14:50:49:473		
003:32:00,000	13,7	26,6	25,8	13,7	0,0	0,0	0,0	0,950	0,000	5022,926	0,0	13,9		14:51:49:473		
003:33:00,000	13,6	26,3	26,0	13,6	0,0	0,0	0,0	0,950	0,000	5022,972	0,0	13,7		14:52:49:473		
003:34:00,000	13,7	26,5	26,0	13,7	0,0	0,0	0,0	0,950	0,000	5023,275	0,0	13,7		14:53:49:473		
003:35:00,000	14,1	27,0	26,3	14,1	0,0	0,0	0,0	0,950	0,000	5023,148	0,0	14,3		14:54:49:473		
003:36:00,000	13,1	27,0	26,6	13,1	0,0	0,0	0,0	0,950	0,000	5024,431	0,0	13,0		14:55:49:473		
003:37:00,000	11,3	27,1	26,6	11,3	0,0	0,0	0,0	0,950	0,000	5025,037	0,0	11,5		14:56:49:473		
003:38:00,000	5,4	27,4	26,9	5,4	0,0	0,0	0,0	0,950	0,000	5024,787	0,0	5,3		14:57:49:473		
003:39:00,000	-9,1	27,7	27,2	-9,1	0,0	0,0	0,0	0,950	0,000	5024,741	0,0	-9,1		14:58:49:473		
003:40:00,000	-1,8	27,3	27,3	-1,8	0,0	0,0	0,0	0,950	0,000	5023,722	0,0	-1,4		14:59:49:473		
003:41:00,000	7,3	26,2	26,9	7,3	0,0	0,0	0,0	0,950	0,000	5025,486	0,0	7,5		15:00:49:473		
003:42:00,000	6,0	25,2	25,9	6,1	0,0	0,0	0,0	0,950	0,000	5022,796	0,0	6,2		15:01:49:473		
003:43:00,000	2,2	25,9	25,6	2,2	0,0	0,0	0,0	0,950	0,000	5022,435	0,0	2,3		15:02:49:473		
003:44:00,000	4,4	26,8	26,2	4,4	0,0	0,0	0,0	0,950	0,000	5024,472	0,0	4,5		15:03:49:473		
003:45:00,000	-0,1	26,6	26,5	-0,1	0,0	0,0	0,0	0,950	0,000	5023,229	0,0	0,1		15:04:49:473		
003:46:00,000	-11,2	25,8	26,5	-11,2	0,0	0,0	0,0	0,950	0,000	5022,500	0,0	-11,0		15:05:49:473		
003:47:00,000	0,6	25,3	26,1	0,6	0,0	0,0	0,0	0,950	0,000	5024,556	0,0	0,8		15:06:49:473		
003:48:00,000	-6,6	24,0	25,0	-6,6	0,0	0,0	0,0	0,950	0,000	5021,796	0,0	-6,6		15:07:49:473		
003:49:00,000	-24,4	23,4	24,0	-24,4	0,0	0,0	0,0	0,950	0,000	5020,611	0,0	-24,4		15:08:49:473		
003:50:00,000	-33,1	23,7	23,8	-33,1	0,0	0,0	0,0	0,950	0,000	5020,239	0,0	-32,8		15:09:49:473		
003:51:00,000	-31,1	24,0	23,8	-31,1	0,0	0,0	0,0	0,950	0,000	5020,879	0,0	-31,0		15:10:49:473		
003:52:00,000	-32,7	24,3	23,8	-32,7	0,0	0,0	0,0	0,950	0,000	5020,713	0,0	-32,6		15:11:49:473		
003:53:00,000	-33,5	24,7	24,1	-33,5	0,0	0,0	0,0	0,950	0,000	5021,065	0,0	-33,3		15:12:49:473		
003:54:00,000	-30,7	24,8	24,3	-30,7	0,0	0,0	0,0	0,950	0,000	5020,936	0,0	-30,5		15:13:49:473		
003:55:00,000	-12,4	25,2	24,6	-12,4	0,0	0,0	0,0	0,950	0,000	5021,907	0,0	-12,2		15:14:49:473		
003:56:00,000	6,1	25,6	25,0	6,2	0,0	0,0	0,0	0,950	0,000	5023,398	0,0	6,2		15:15:49:473		
003:57:00,000	4,6	25,6	25,1	4,6	0,0	0,0	0,0	0,950	0,000	5022,519	0,0	4,5		15:16:49:473		
003:58:00,000	-3,0	25,6	25,1	-3,0	0,0	0,0	0,0	0,950	0,000	5022,083	0,0	-3,0		15:17:49:473		
003:59:00,000	-10,4	25,6	25,1	-10,4	0,0	0,0	0,0	0,950	0,000	5022,491	0,0	-10,4		15:18:49:473		
004:00:00,000	-33,4	26,2	25,6	-33,4	0,0	0,0	0,0	0,950	0,000	5023,287	0,0	-33,3		15:19:49:473		
004:01:00,000	-34,6	25,7	25,7	-34,6	0,0	0,0	0,0	0,950	0,000	5022,833	0,0	-34,4		15:20:49:473		
004:02:00,000	-35,0	25,9	25,7	-35,0	0,0	0,0	0,0	0,950	0,000	5022,844	0,0	-35,0		15:21:49:473		
004:03:00,000	-35,0	27,1	26,3	-34,9	0,0	0,0	0,0	0,950	0,000	5024,000	0,0	-34,9		15:22:49:473		
004:04:00,000	-35,7	27,0	26,6	-35,7	0,0	0,0	0,0	0,950	0,000	5023,806	0,0	-35,5		15:23:49:473		
004:05:00,000	-34,3	27,2	26,7	-34,3	0,0	0,0	0,0	0,950	0,000	5024,167	0,0	-34,2		15:24:49:473		
004:06:00,000	-31,2	27,7	27,1	-31,2	0,0	0,0	0,0	0,950	0,000	5024,110	0,0	-31,2		15:25:49:473		
004:07:00,000	-29,7	28,2	27,6	-29,8	0,0	0,0	0,0	0,950	0,000	5025,676	0,0	-29,8		15:26:49:473		
004:08:00,000	-35,1	28,2	27,7	-35,0	0,0	0,0	0,0	0,950	0,000	5026,093	0,0	-34,9		15:27:49:473		
004:09:00,000	-34,6	28,5	27,9	-34,6	0,0	0,0	0,0	0,950	0,000	5026,477	0,0	-34,4		15:28:49:473		
004:10:00,000	-34,8	28,9	28,3	-34,7	0,0	0,0	0,0	0,950	0,000	5026,852	0,0	-34,7		15:29:49:473		
004:11:00,000	-34,9	28,0	28,2	-34,9	0,0	0,0	0,0	0,950	0,000	5027,202	0,0	-34,7		15:30:49:473		
004:12:00,000	-34,9	27,7	27,9	-34,9	0,0	0,0	0,0	0,950	0,000	5025,528	0,0	-34,7		15:31:49:473		
004:13:00,000	-35,6	27,8	27,6	-35,5	0,0	0,0	0,0	0,950	0,000	5025,602	0,0	-35,3		15:32:49:473		
004:14:00,000	-36,8	28,2	27,7	-36,8	0,0	0,0	0,0	0,950	0,000	5025,611	0,0	-36,8		15:33:49:473		
004:15:00,000	-38,9	28,1	27,9	-38,9	0,0	0,0	0,0	0,950	0,000	5026,064	0,0	-38,8		15:34:49:473		
004:16:00,000	-37,4	28,4	28,0	-37,4	0,0	0,0	0,0	0,950	0,000	5025,750	0,0	-37,2		15:35:49:473		
004:17:00,000	-36,7	28,3	28,1	-36,7	0,0	0,0	0,0	0,950	0,000	5026,250	0,0	-36,5		15:36:49:473		
004:18:00,000	-36,0	28,4	28,1	-36,0	0,0	0,0	0,0	0,950	0,000	5026,556	0,0	-35,9		15:37:49:473		
004:19:00,000	-35,2	28,3	28,1	-35,2	0,0	0,0	0,0	0,950	0,000	5026,945	0,0	-35,0		15:38:49:473		
004:20:00,000	-35,1	27,7	28,0	-35,1	0,0	0,0	0,0	0,950	0,000	5025,611	0,0	-35,1		15:39:49:473		
004:21:00,000	-35,7	26,8	27,3	-35,7	0,0	0,0	0,0	0,950	0,000	5024,111	0,0	-35,6		15:40:49:473		
004:22:00,000	-35,7	26,4	26,6	-35,7	0,0	0,0	0,0	0,950	0,000	5023,275	0,0	-35,6		15:41:49:473		
004:23:00,000	-32,9	27,3	26,8	-32,9	0,0	0,0	0,0	0,950	0,000	5024,167	0,0	-32,7		15:42:49:473		
004:24:00,000	-14,7	28,3	27,6	-14,7	0,0	0,0	0,0	0,950	0,000	5025,463	0,0	-14,5		15:43:49:473		
004:25:00,000	5,6	28,3	28,1	5,6	0,0	0,0	0,0	0,950	0,000	5027,407	0,0	5,8		15:44:49:473		
004:26:00,000	9,1	27,1	27,8	9,1	0,0	0,0	0,0	0,950	0,000	5026,194	0,0	9,1		15:45:49:473		
004:27:00,000	11,0	26,5	27,1	11,0	0,0	0,0	0,0	0,950	0,000	5024,945	0,0	11,2		15:46:49:473		
004:28:00,000	11,8	26,4	26,7	11,8	0,0	0,0	0,0	0,950	0,000	5023,972	0,0	11,8		15:47:49:473		
004:29:00,000	9,5	26,8	26,6	9,6	0,0	0,0	0,0	0,950	0,000	5025,111	0,0	9,7		15:48:49:473		
004:30:00,000	4,3	26,7	26,6	4,3	0,0	0,0	0,0	0,950	0,000	5024,019	0,0	4,3		15:49:49:473		
004:31:00,000	-2,2	26,3	26,5	-2,2	0,0	0,0	0,0	0,950	0,000	5023,871	0,0	-2,1		15:50:49:473		
004:32:00,000	-7,8	25,8	26,1	-7,7	0,0	0,0	0,0	0,950	0,000	5023,129	0,0	-7,7		15:51:49:473		
004:33:00,000	-15,5	26,5	26,0	-15,5	0,0	0,0	0,0	0,950	0,000	5023,944	0,0	-15,4		15:52:49:473		
004:34:00,000	-25,4	26,3	26,1	-25,4	0,0	0,0	0,0	0,950	0,000	5032,009	0,0	-25,3		15:53:49:473		
004:35:00,000	-34,2	26,1	26,1	-34,2	0,0	0,0	0,0	0,950	0,000	5027,615	0,0	-34,0		15:54:49:473		
004:36:00,000	-35,5	25,9	26,1	-35,5	0,0	0,0	0,0	0,950	0,000	5023,602	0,0	-35,3		15:55:49:473		
004:37:00,000	-36,7	25,7	26,1	-36,7	0,0	0,0	0,0	0,950	0,000	5024,935	0,0	-36,7		15:56:49:473		
004:38:00,000	-36,3	25,9	26,0	-36,3	0,0	0,0	0,0	0,950	0,000	5023,500	0,0	-36,0		15:57:49:473		
004:39:00,000	-35,0	26,6	26,1	-35,0	0,0	0,0	0,0	0,950	0,000	5025,296	0,0	-34,8		15:58:49:473		
004:40:00,000	-32,2	27,3	26,7	-32,2	0,0	0,0	0,0	0,950	0,000	5023,944	0,0	-32,0		15:59:49:473		
004:41:00,000	-34,6	28,3	27,6	-34,6	0,0	0,0	0,0	0,950	0,000	5028,417	0,0	-34,4		16:00:49:473		
004:42:00,000	-36,1	28,5	28,1	-36,1	0,0	0,0	0,0	0,950	0,000	5033,648	0,0	-35,7		16:01:49:473		
004:43:00,000	-35,3	28,1	28,2	-35,3	0,0	0,0	0,0	0,950	0,000	5028,542	0,0	-35,4		16:02:49:473		
004:44:00,000	-36,6	27,5	27,8	-36,6	0,0	0,0	0,0	0,950	0,000	5025,611	0,0	-36,3		16:03:49:473		
004:45:00,000	-36,2	26,8	27,2	-36,2	0,0	0,0	0,0	0,950	0,000	5026,379	0,0	-36,0		16:04:49:473		
004:46:00,000	-35,7	26,4	26,7	-35,7	0,0	0,0	0,0	0,950	0,000	5023,556	0,0	-35,5		16:05:49:473		
004:47:00,000	-36,6	26,1	26,4	-36,7	0,0	0,0	0,0	0,950	0,000	5027,621	0,0	-36,5		16:06:49:473		
004:48:00,000	-36,0	26,1	26,2	-36,0	0,0	0,0	0,0	0,950	0,000	5026,981	0,0	-35,8		16:07:49:473		
004:49:00,000	-33,7	26,6	26,3	-33,7	0,0	0,0	0,0	0,950	0,000	5026,731	0,0	-33,6		16:08:49:473		
004:50:00,000	-33,4	27,7	27,0	-33,4	0,0	0,0	0,0	0,950	0,000	5022,148	0,0	-33,2		16:09:49:473		
004:51:00,000	-35,8	27,2	27,3	-35,8	0,0	0,0	0,0	0,950	0,000	5022,852	0,0	-35,6		16:10:49:473		
004:52:00,000	-35,4	27,1	27,1	-35,4	0,0	0,0	0,0	0,950	0,000	5023,917	0,0	-35,3		16:11:49:473		
004:53:00,000	-35,9	27,8	27,2	-35,9	0,0	0,0	0,0	0,950	0,000	5029,056	0,0	-35,7		16:12:49:473		
004:54:00,000	-36,6	27,9	27,6	-36,6	0,0	0,0	0,0	0,950	0,000	5029,121	0,0	-36,6		16:13:49:473		
004:55:00,000	-36,8	27,6	27,6	-36,8	0,0	0,0	0,0	0,950	0,000	5029,176	0,0	-36,5		16:14:49:473		
004:56:00,000	-35,9	27,6	27,6	-35,9	0,0	0,0	0,0	0,950	0,000	5030,121	0,0	-35,6		16:15:49:473		
004:57:00,000	-35,4	27,0	27,3	-35,4	0,0	0,0	0,0	0,950	0,000	5025,037	0,0	-35,1		16:16:49:473		
004:58:00,000	-35,2	26,1	26,6	-35,2	0,0	0,0	0,0	0,950	0,000	5024,454	0,0	-34,9		16:17:49:473		
004:59:00,000	-35,2	26,0	26,3	-35,2	0,0	0,0	0,0	0,950	0,000	5025,757	0,0	-35,0		16:18:49:473		
005:00:00,000	-35,3	25,6	26,0	-35,3	0,0	0,0	0,0	0,950	0,000	5023,343	0,0	-35,2		16:19:49:473		
005:01:00,000	-34,9	25,4	25,8	-34,8	0,0	0,0	0,0	0,950	0,000	5022,556	0,0	-34,8		16:20:49:473		
005:02:00,000	-34,9	25,4	25,6	-34,9	0,0	0,0	0,0	0,950	0,000	5023,402	0,0	-34,9		16:21:49:473		
005:03:00,000	-35,3	26,1	25,7	-35,3	0,0	0,0	0,0	0,950	0,000	5022,963	0,0	-35,1		16:22:49:473		
005:04:00,000	-36,2	26,1	25,8	-36,2	0,0	0,0	0,0	0,950	0,000	5022,713	0,0	-36,0		16:23:49:473		
005:05:00,000	-34,2	26,6	26,1	-34,2	0,0	0,0	0,0	0,950	0,000	5023,869	0,0	-34,0		16:24:49:473		
005:06:00,000	-34,2	26,6	26,3	-34,1	0,0	0,0	0,0	0,950	0,000	5023,685	0,0	-34,0		16:25:49:473		
005:07:00,000	-33,6	26,7	26,3	-33,6	0,0	0,0	0,0	0,950	0,000	5024,241	0,0	-33,4		16:26:49:473		
005:08:00,000	-34,0	27,1	26,7	-34,0	0,0	0,0	0,0	0,950	0,000	5024,991	0,0	-33,9		16:27:49:473		
005:09:00,000	-34,9	27,4	27,0	-34,9	0,0	0,0	0,0	0,950	0,000	5024,472	0,0	-34,7		16:28:49:473		
005:10:00,000	-35,0	27,5	27,1	-35,0	0,0	0,0	0,0	0,950	0,000	5024,871	0,0	-35,0		16:29:49:473		
005:11:00,000	-35,1	28,0	27,6	-35,1	0,0	0,0	0,0	0,950	0,000	5025,546	0,0	-34,8		16:30:49:473		
005:12:00,000	-34,2	28,3	28,0	-34,3	0,0	0,0	0,0	0,950	0,000	5026,953	0,0	-34,4		16:31:49:473		
005:13:00,000	-34,1	28,8	28,4	-34,1	0,0	0,0	0,0	0,950	0,000	5027,287	0,0	-33,9		16:32:49:473		
005:14:00,000	-33,9	29,0	28,6	-33,9	0,0	0,0	0,0	0,950	0,000	5028,065	0,0	-33,7		16:33:49:473		
005:15:00,000	-34,7	28,9	28,8	-34,7	0,0	0,0	0,0	0,950	0,000	5028,027	0,0	-34,2		16:34:49:473		
005:16:00,000	-35,3	27,6	28,1	-35,3	0,0	0,0	0,0	0,950	0,000	5025,888	0,0	-35,2		16:35:49:473		
005:17:00,000	-34,9	26,6	27,1	-34,9	0,0	0,0	0,0	0,950	0,000	5026,621	0,0	-34,8		16:36:49:473		
005:18:00,000	-34,9	26,6	26,8	-34,9	0,0	0,0	0,0	0,950	0,000	5026,963	0,0	-34,7		16:37:49:473		
005:19:00,000	-34,0	26,8	26,8	-34,0	0,0	0,0	0,0	0,950	0,000	5024,361	0,0	-33,9		16:38:49:473		
005:20:00,000	-32,6	27,7	27,1	-32,6	0,0	0,0	0,0	0,950	0,000	5027,776	0,0	-32,4		16:39:49:473		
005:21:00,000	-33,3	28,2	27,6	-33,3	0,0	0,0	0,0	0,950	0,000	5026,815	0,0	-33,3		16:40:49:473		
005:22:00,000	-35,3	28,2	27,9	-35,3	0,0	0,0	0,0	0,950	0,000	5025,315	0,0	-35,2		16:41:49:473		
005:23:00,000	-36,0	28,0	27,9	-36,1	0,0	0,0	0,0	0,950	0,000	5025,713	0,0	-36,1		16:42:49:473		
005:24:00,000	-36,0	28,1	27,9	-35,9	0,0	0,0	0,0	0,950	0,000	5027,075	0,0	-35,9		16:43:49:473		
005:25:00,000	-36,1	27,4	27,7	-36,1	0,0	0,0	0,0	0,950	0,000	5024,694	0,0	-35,9		16:44:49:473		
005:26:00,000	-36,5	26,8	27,1	-36,5	0,0	0,0	0,0	0,950	0,000	5023,879	0,0	-36,4		16:45:49:473		
005:27:00,000	-36,7	26,6	27,0	-36,6	0,0	0,0	0,0	0,950	0,000	5024,843	0,0	-36,6		16:46:49:473		
005:28:00,000	-37,3	26,5	26,9	-37,3	0,0	0,0	0,0	0,950	0,000	5024,542	0,0	-37,1		16:47:49:473		
---------------------------------
End of File
