[Connect DataFile][2.1]
Date:	28/04/2026
Time:	12:14:33
Unit:	°C
Resolution:	60,000/0,100
Values:	12
SnapshotTrigger:	0	0,0
MeasurementTrigger:	0	0,0
Time	TProc	TInt	TBox	TAvg	T_2C	T_1C	Attenuation	Eps.	Value	Vcc	TAmb	TAct	CompressionIdx	Time absolute	ImageIdx	ImageValue
000:00:00,000	4,8	23,2	23,3	4,9	0,0	0,0	0,0	0,950	0,000	5020,481	0,0	5,0		12:14:33:668		
000:01:00,000	2,8	22,9	23,3	2,8	0,0	0,0	0,0	0,950	0,000	5018,729	0,0	2,9		12:15:33:668		
000:02:00,000	-1,1	22,7	23,2	-1,1	0,0	0,0	0,0	0,950	0,000	5019,481	0,0	-1,0		12:16:33:668		
000:03:00,000	-16,8	23,1	23,2	-16,8	0,0	0,0	0,0	0,950	0,000	5019,701	0,0	-16,7		12:17:33:668		
000:04:00,000	-11,8	23,5	23,2	-11,8	0,0	0,0	0,0	0,950	0,000	5020,259	0,0	-11,7		12:18:33:668		
000:05:00,000	5,1	23,9	23,6	5,2	0,0	0,0	0,0	0,950	0,000	5028,056	0,0	5,2		12:19:33:668		
000:06:00,000	7,4	23,9	23,6	7,4	0,0	0,0	0,0	0,950	0,000	5028,000	0,0	7,5		12:20:33:668		
000:07:00,000	7,1	24,3	23,9	7,1	0,0	0,0	0,0	0,950	0,000	5023,574	0,0	7,2		12:21:33:668		
000:08:00,000	7,1	24,7	24,3	7,1	0,0	0,0	0,0	0,950	0,000	5021,537	0,0	7,2		12:22:33:668		
000:09:00,000	5,9	25,3	24,6	5,9	0,0	0,0	0,0	0,950	0,000	5022,398	0,0	6,0		12:23:33:668		
000:10:00,000	-3,6	25,6	25,1	-3,6	0,0	0,0	0,0	0,950	0,000	5022,626	0,0	-3,5		12:24:33:668		
000:11:00,000	2,5	25,4	25,2	2,5	0,0	0,0	0,0	0,950	0,000	5022,444	0,0	2,7		12:25:33:668		
000:12:00,000	6,6	24,6	25,0	6,6	0,0	0,0	0,0	0,950	0,000	5021,602	0,0	6,7		12:26:33:668		
000:13:00,000	6,0	24,2	24,5	6,0	0,0	0,0	0,0	0,950	0,000	5021,361	0,0	6,0		12:27:33:668		
000:14:00,000	4,6	24,7	24,5	4,6	0,0	0,0	0,0	0,950	0,000	5023,766	0,0	4,7		12:28:33:668		
000:15:00,000	-4,8	25,0	24,6	-4,8	0,0	0,0	0,0	0,950	0,000	5021,879	0,0	-4,7		12:29:33:668		
000:16:00,000	-11,5	25,2	24,7	-11,4	0,0	0,0	0,0	0,950	0,000	5020,458	0,0	-11,4		12:30:33:668		
000:17:00,000	-13,0	25,7	25,0	-13,0	0,0	0,0	0,0	0,950	0,000	5022,129	0,0	-12,8		12:31:33:668		
000:18:00,000	-10,6	25,6	25,3	-10,6	0,0	0,0	0,0	0,950	0,000	5022,000	0,0	-10,4		12:32:33:668		
000:19:00,000	-2,6	24,9	25,1	-2,6	0,0	0,0	0,0	0,950	0,000	5021,843	0,0	-2,5		12:33:33:668		
000:20:00,000	-10,7	24,6	24,7	-10,7	0,0	0,0	0,0	0,950	0,000	5020,259	0,0	-10,4		12:34:33:668		
000:21:00,000	-8,5	25,1	24,7	-8,5	0,0	0,0	0,0	0,950	0,000	5021,787	0,0	-8,3		12:35:33:668		
000:22:00,000	-1,6	26,5	25,4	-1,6	0,0	0,0	0,0	0,950	0,000	5021,729	0,0	-1,4		12:36:33:668		
000:23:00,000	-1,5	27,2	26,2	-1,5	0,0	0,0	0,0	0,950	0,000	5023,963	0,0	-1,4		12:37:33:668		
000:24:00,000	-6,6	27,3	26,6	-6,6	0,0	0,0	0,0	0,950	0,000	5023,463	0,0	-6,4		12:38:33:668		
000:25:00,000	0,4	27,6	27,0	0,4	0,0	0,0	0,0	0,950	0,000	5023,889	0,0	0,5		12:39:33:668		
000:26:00,000	1,2	27,9	27,2	1,2	0,0	0,0	0,0	0,950	0,000	5024,296	0,0	1,2		12:40:33:668		
000:27:00,000	-4,5	27,9	27,3	-4,5	0,0	0,0	0,0	0,950	0,000	5024,241	0,0	-4,3		12:41:33:668		
000:28:00,000	-5,2	27,9	27,3	-5,2	0,0	0,0	0,0	0,950	0,000	5024,519	0,0	-5,2		12:42:33:668		
000:29:00,000	-10,5	27,1	27,3	-10,5	0,0	0,0	0,0	0,950	0,000	5025,139	0,0	-10,5		12:43:33:668		
000:30:00,000	-18,5	25,9	26,6	-18,5	0,0	0,0	0,0	0,950	0,000	5023,796	0,0	-18,3		12:44:33:668		
000:31:00,000	-18,5	25,6	26,0	-18,5	0,0	0,0	0,0	0,950	0,000	5021,926	0,0	-18,3		12:45:33:668		
000:32:00,000	-20,3	26,2	25,9	-20,3	0,0	0,0	0,0	0,950	0,000	5023,224	0,0	-20,1		12:46:33:668		
000:33:00,000	-21,5	26,9	26,1	-21,5	0,0	0,0	0,0	0,950	0,000	5023,379	0,0	-21,3		12:47:33:668		
000:34:00,000	-21,3	28,1	27,1	-21,3	0,0	0,0	0,0	0,950	0,000	5023,704	0,0	-21,1		12:48:33:668		
000:35:00,000	-21,5	28,3	27,7	-21,5	0,0	0,0	0,0	0,950	0,000	5024,537	0,0	-21,7		12:49:33:668		
000:36:00,000	-22,4	27,5	27,5	-22,4	0,0	0,0	0,0	0,950	0,000	5024,111	0,0	-22,2		12:50:33:668		
000:37:00,000	-26,4	27,5	27,3	-26,4	0,0	0,0	0,0	0,950	0,000	5024,417	0,0	-26,2		12:51:33:668		
000:38:00,000	-28,3	28,2	27,7	-28,3	0,0	0,0	0,0	0,950	0,000	5024,778	0,0	-28,2		12:52:33:668		
000:39:00,000	-28,8	28,1	27,9	-28,8	0,0	0,0	0,0	0,950	0,000	5026,084	0,0	-28,7		12:53:33:668		
000:40:00,000	-28,4	27,5	27,8	-28,4	0,0	0,0	0,0	0,950	0,000	5025,315	0,0	-28,2		12:54:33:668		
000:41:00,000	-26,9	27,3	27,5	-26,8	0,0	0,0	0,0	0,950	0,000	5024,139	0,0	-26,7		12:55:33:668		
000:42:00,000	-21,8	27,5	27,5	-21,8	0,0	0,0	0,0	0,950	0,000	5023,991	0,0	-21,8		12:56:33:668		
000:43:00,000	-22,3	26,8	27,1	-22,3	0,0	0,0	0,0	0,950	0,000	5023,981	0,0	-22,5		12:57:33:668		
000:44:00,000	-24,9	26,7	27,0	-24,9	0,0	0,0	0,0	0,950	0,000	5026,420	0,0	-24,9		12:58:33:668		
000:45:00,000	-23,5	26,3	26,8	-23,5	0,0	0,0	0,0	0,950	0,000	5024,361	0,0	-23,2		12:59:33:668		
000:46:00,000	-26,2	25,9	26,5	-26,2	0,0	0,0	0,0	0,950	0,000	5018,907	0,0	-25,8		13:00:33:668		
000:47:00,000	-25,7	25,4	25,9	-25,7	0,0	0,0	0,0	0,950	0,000	5022,664	0,0	-25,5		13:01:33:668		
000:48:00,000	-25,8	25,7	25,9	-25,8	0,0	0,0	0,0	0,950	0,000	5022,204	0,0	-25,5		13:02:33:668		
000:49:00,000	-28,0	26,1	25,9	-28,0	0,0	0,0	0,0	0,950	0,000	5022,759	0,0	-27,7		13:03:33:668		
000:50:00,000	-30,0	24,9	25,7	-30,0	0,0	0,0	0,0	0,950	0,000	5021,467	0,0	-29,7		13:04:33:668		
000:51:00,000	-30,9	24,1	24,9	-30,9	0,0	0,0	0,0	0,950	0,000	5021,528	0,0	-30,8		13:05:33:668		
000:52:00,000	-30,7	24,3	24,8	-30,7	0,0	0,0	0,0	0,950	0,000	5021,926	0,0	-30,7		13:06:33:668		
000:53:00,000	-24,9	24,8	24,8	-24,9	0,0	0,0	0,0	0,950	0,000	5021,580	0,0	-24,8		13:07:33:668		
000:54:00,000	-20,5	24,7	24,8	-20,5	0,0	0,0	0,0	0,950	0,000	5022,213	0,0	-20,4		13:08:33:668		
000:55:00,000	-22,8	25,2	24,8	-22,8	0,0	0,0	0,0	0,950	0,000	5022,869	0,0	-22,8		13:09:33:668		
000:56:00,000	-23,5	26,3	25,5	-23,5	0,0	0,0	0,0	0,950	0,000	5022,148	0,0	-23,2		13:10:33:668		
000:57:00,000	-25,8	26,9	26,2	-25,8	0,0	0,0	0,0	0,950	0,000	5022,972	0,0	-25,8		13:11:33:668		
000:58:00,000	-26,2	26,9	26,5	-26,2	0,0	0,0	0,0	0,950	0,000	5024,028	0,0	-26,0		13:12:33:668		
000:59:00,000	-29,0	26,2	26,5	-29,0	0,0	0,0	0,0	0,950	0,000	5024,009	0,0	-28,9		13:13:33:668		
001:00:00,000	-31,1	25,4	25,9	-31,1	0,0	0,0	0,0	0,950	0,000	5022,028	0,0	-30,9		13:14:33:668		
001:01:00,000	-31,6	25,7	25,8	-31,6	0,0	0,0	0,0	0,950	0,000	5022,528	0,0	-31,3		13:15:33:668		
001:02:00,000	-32,4	25,8	25,8	-32,3	0,0	0,0	0,0	0,950	0,000	5022,720	0,0	-32,1		13:16:33:668		
001:03:00,000	-31,1	26,0	25,8	-31,1	0,0	0,0	0,0	0,950	0,000	5022,806	0,0	-30,9		13:17:33:668		
001:04:00,000	-31,2	25,4	25,7	-31,2	0,0	0,0	0,0	0,950	0,000	5021,935	0,0	-30,9		13:18:33:668		
001:05:00,000	-31,1	24,5	25,1	-31,1	0,0	0,0	0,0	0,950	0,000	5021,528	0,0	-31,2		13:19:33:668		
001:06:00,000	-26,8	24,7	25,0	-26,8	0,0	0,0	0,0	0,950	0,000	5022,056	0,0	-26,7		13:20:33:668		
001:07:00,000	-29,0	24,5	24,9	-29,0	0,0	0,0	0,0	0,950	0,000	5021,287	0,0	-28,9		13:21:33:668		
001:08:00,000	-27,9	24,2	24,6	-27,9	0,0	0,0	0,0	0,950	0,000	5021,028	0,0	-27,8		13:22:33:668		
001:09:00,000	-26,7	24,7	24,6	-26,7	0,0	0,0	0,0	0,950	0,000	5021,213	0,0	-26,6		13:23:33:668		
001:10:00,000	-19,7	25,4	24,7	-19,7	0,0	0,0	0,0	0,950	0,000	5022,981	0,0	-19,5		13:24:33:668		
001:11:00,000	-4,5	26,1	25,2	-4,5	0,0	0,0	0,0	0,950	0,000	5022,234	0,0	-4,2		13:25:33:668		
001:12:00,000	-14,3	26,4	25,6	-14,3	0,0	0,0	0,0	0,950	0,000	5023,241	0,0	-14,1		13:26:33:668		
001:13:00,000	-18,6	26,3	25,9	-18,6	0,0	0,0	0,0	0,950	0,000	5021,935	0,0	-18,6		13:27:33:668		
001:14:00,000	-32,5	27,0	26,5	-32,5	0,0	0,0	0,0	0,950	0,000	5023,981	0,0	-32,4		13:28:33:668		
001:15:00,000	-33,2	27,5	27,1	-33,2	0,0	0,0	0,0	0,950	0,000	5027,167	0,0	-33,1		13:29:33:668		
001:16:00,000	-30,3	28,0	27,4	-30,2	0,0	0,0	0,0	0,950	0,000	5024,843	0,0	-29,9		13:30:33:668		
001:17:00,000	-29,1	28,5	27,9	-29,0	0,0	0,0	0,0	0,950	0,000	5025,833	0,0	-29,1		13:31:33:668		
001:18:00,000	-19,5	28,8	28,3	-19,5	0,0	0,0	0,0	0,950	0,000	5027,611	0,0	-19,2		13:32:33:668		
001:19:00,000	-21,4	28,7	28,4	-21,4	0,0	0,0	0,0	0,950	0,000	5027,420	0,0	-21,3		13:33:33:668		
001:20:00,000	-25,0	28,0	28,2	-25,0	0,0	0,0	0,0	0,950	0,000	5025,046	0,0	-24,8		13:34:33:668		
001:21:00,000	-21,4	27,9	27,8	-21,4	0,0	0,0	0,0	0,950	0,000	5024,505	0,0	-21,3		13:35:33:668		
001:22:00,000	-23,9	29,0	28,1	-23,9	0,0	0,0	0,0	0,950	0,000	5026,129	0,0	-24,0		13:36:33:668		
001:23:00,000	-26,8	29,2	28,6	-26,8	0,0	0,0	0,0	0,950	0,000	5027,889	0,0	-26,6		13:37:33:668		
001:24:00,000	-28,2	28,5	28,6	-28,2	0,0	0,0	0,0	0,950	0,000	5026,769	0,0	-27,9		13:38:33:668		
001:25:00,000	-28,1	27,2	27,8	-28,1	0,0	0,0	0,0	0,950	0,000	5025,083	0,0	-28,2		13:39:33:668		
001:26:00,000	-28,2	26,3	27,0	-28,2	0,0	0,0	0,0	0,950	0,000	5022,741	0,0	-28,0		13:40:33:668		
001:27:00,000	-27,9	26,0	26,6	-27,9	0,0	0,0	0,0	0,950	0,000	5023,176	0,0	-27,8		13:41:33:668		
001:28:00,000	-10,7	26,0	26,5	-10,7	0,0	0,0	0,0	0,950	0,000	5023,954	0,0	-10,6		13:42:33:668		
001:29:00,000	-4,1	25,8	26,3	-4,0	0,0	0,0	0,0	0,950	0,000	5022,617	0,0	-3,9		13:43:33:668		
001:30:00,000	1,8	25,4	25,9	1,8	0,0	0,0	0,0	0,950	0,000	5023,560	0,0	2,0		13:44:33:668		
001:31:00,000	2,2	25,8	25,8	2,2	0,0	0,0	0,0	0,950	0,000	5022,477	0,0	2,3		13:45:33:668		
001:32:00,000	-13,6	26,1	25,9	-13,6	0,0	0,0	0,0	0,950	0,000	5022,879	0,0	-13,6		13:46:33:668		
001:33:00,000	-21,2	26,3	26,1	-21,2	0,0	0,0	0,0	0,950	0,000	5022,954	0,0	-21,1		13:47:33:668		
001:34:00,000	4,2	26,2	26,1	4,2	0,0	0,0	0,0	0,950	0,000	5023,694	0,0	4,4		13:48:33:668		
001:35:00,000	8,5	25,9	26,1	8,5	0,0	0,0	0,0	0,950	0,000	5022,787	0,0	8,6		13:49:33:668		
001:36:00,000	-8,7	25,6	26,1	-8,7	0,0	0,0	0,0	0,950	0,000	5022,280	0,0	-8,6		13:50:33:668		
001:37:00,000	3,8	25,0	25,7	3,9	0,0	0,0	0,0	0,950	0,000	5022,546	0,0	4,0		13:51:33:668		
001:38:00,000	8,9	24,5	25,2	8,9	0,0	0,0	0,0	0,950	0,000	5022,435	0,0	8,9		13:52:33:668		
001:39:00,000	2,3	24,4	25,0	2,3	0,0	0,0	0,0	0,950	0,000	5022,355	0,0	2,4		13:53:33:668		
001:40:00,000	1,0	24,7	24,9	1,0	0,0	0,0	0,0	0,950	0,000	5021,463	0,0	1,1		13:54:33:668		
001:41:00,000	-3,9	25,7	25,2	-3,9	0,0	0,0	0,0	0,950	0,000	5022,430	0,0	-3,7		13:55:33:668		
001:42:00,000	8,9	26,2	25,8	8,9	0,0	0,0	0,0	0,950	0,000	5023,944	0,0	9,1		13:56:33:668		
001:43:00,000	7,0	26,3	26,0	7,0	0,0	0,0	0,0	0,950	0,000	5024,241	0,0	7,2		13:57:33:668		
001:44:00,000	-0,2	25,9	26,0	-0,2	0,0	0,0	0,0	0,950	0,000	5023,402	0,0	-0,2		13:58:33:668		
001:45:00,000	-25,5	26,1	26,0	-25,5	0,0	0,0	0,0	0,950	0,000	5025,509	0,0	-25,2		13:59:33:668		
001:46:00,000	-28,0	25,9	26,0	-28,0	0,0	0,0	0,0	0,950	0,000	5022,639	0,0	-28,1		14:00:33:668		
001:47:00,000	-28,4	25,8	26,0	-28,4	0,0	0,0	0,0	0,950	0,000	5023,731	0,0	-28,3		14:01:33:668		
001:48:00,000	-26,4	25,8	26,0	-26,4	0,0	0,0	0,0	0,950	0,000	5023,324	0,0	-26,2		14:02:33:668		
001:49:00,000	-26,7	25,9	26,0	-26,7	0,0	0,0	0,0	0,950	0,000	5022,491	0,0	-26,5		14:03:33:668		
001:50:00,000	-26,5	26,3	26,0	-26,5	0,0	0,0	0,0	0,950	0,000	5022,917	0,0	-26,3		14:04:33:668		
---------------------------------
End of File
